Time,residuals
0.0,0.2725897793167901
1.0,-0.0822017253447659
2.0,-0.03798742812335276
3.0,0.31684444766336206
4.0,-0.0774245574901968
5.0,-0.10088066280265345
6.0,-0.11087782054464056
7.0,0.0592114021468121
8.0,-0.11622905948943944
9.0,0.11079171552262719
10.0,-0.006161605395288108
11.0,-0.11950267561538179
12.0,-0.06252993933858278
13.0,-0.06102174813387666
14.0,0.14657209207188643
15.0,-0.08984246025851411
16.0,-0.12037998904004499
17.0,0.5675553572942854
18.0,-0.05631299003963451
19.0,0.04489575161305599
20.0,0.005737184982001445
21.0,0.22929958264519332
22.0,-0.11468013150742706
23.0,-0.07196624537186529
24.0,0.07616036291078974
25.0,0.0591636418971247
26.0,0.38036092821455086
27.0,-0.013706432342832392
28.0,-0.08855118910852963
29.0,-0.06638069147651615
30.0,0.0526297119335456
31.0,0.05506743710507239
32.0,-0.05573182137174798
33.0,-0.12136038198194667
34.0,0.05645127479029016
35.0,-0.12387216615783603
36.0,-0.12127841309580259
37.0,0.047647124054840034
38.0,-0.12424715339041564
39.0,-0.022382687495993772
40.0,-0.09334928643574408
41.0,-0.08749415530584508
42.0,-0.12110069737058868
43.0,-0.06044084297633946
44.0,0.06798517886202743
45.0,0.37643521293593607
46.0,-0.10949365608610881
47.0,0.21779468193537055
48.0,0.08392927834610231
49.0,0.09970635453426457
50.0,-0.05674215861640712
51.0,0.017782258138842433
52.0,-0.0637841289564815
53.0,-0.12486521572525178
54.0,-0.027891073522347765
55.0,-0.13341384914155666
56.0,-0.1271618435456911
57.0,-0.12875202150158394
58.0,0.035260778245721575
59.0,-0.12880980567720607
60.0,-0.07900222805562346
61.0,-0.09222018135263757
62.0,0.2259896225110452
63.0,-0.12952289305281842
64.0,-0.04798561045357283
65.0,-0.13196963432090822
66.0,-0.0763208347017014
67.0,0.3225548233739712
68.0,-0.10501420211334765
69.0,-0.10923738808125971
70.0,0.0669164063184268
71.0,-0.12443422434912565
72.0,0.03817917935756093
73.0,0.26239446244209114
74.0,-0.055474398642215386
75.0,0.3131196786915005
76.0,0.19073743055033182
77.0,-0.11030707251905532
78.0,-0.13388878316772024
79.0,-0.0740889916034777
80.0,-0.0575772428652918
81.0,-0.04154502233360495
82.0,-0.019679436342094736
83.0,0.0026547023583458895
84.0,0.15063600086664938
85.0,0.2698219935748758
86.0,-0.01813373474377497
87.0,0.08427202710584714
88.0,0.20133757135553218
89.0,0.04749198181045894
90.0,0.1989790005257838
91.0,0.05008614490796842
92.0,0.0808449515776547
93.0,-0.14278927120351975
94.0,-0.047374665993032986
95.0,0.10188821728124775
96.0,-0.01531675825009804
97.0,-0.12322577255735742
98.0,-0.060750719284111604
99.0,-0.10308731433573574
100.0,0.1981955874050707
101.0,0.373997930490202
102.0,-0.1004108750578541
103.0,-0.14821140175606054
104.0,-0.128811143726494
105.0,-0.041722836413363426
106.0,0.14650372378107623
107.0,0.06477886761753457
108.0,0.5122343224985764
109.0,-0.07193447608829281
110.0,0.08113050580495867
111.0,0.3798161801341488
112.0,-0.08075825991751313
113.0,0.18511080144204414
114.0,-0.1393212088757339
115.0,-0.14318719833423552
116.0,-0.04636505438160986
117.0,-0.08363863104609548
118.0,0.4242266985271642
119.0,-0.025078330938636623
120.0,0.2517161358718347
121.0,-0.05591826276087555
122.0,-0.002699907601331042
123.0,-0.08723313048186723
124.0,-0.12530079737406555
125.0,-0.007400285384289357
126.0,0.20649218960014173
127.0,-0.10139032587076872
128.0,-0.13227733349874193
129.0,0.14506973907507228
130.0,-0.08292744969929346
131.0,-0.04986019195069055
132.0,0.0948829445212434
133.0,0.15766852564622214
134.0,0.0160006440611635
135.0,-0.13317768369649632
136.0,0.003942651411605158
137.0,0.04656691256701076
138.0,-0.10195131850428907
139.0,-0.15053440981150654
140.0,-0.11005854031724757
141.0,0.21003432682805423
142.0,-0.12794966767594565
143.0,-0.06057909873715074
144.0,-0.13706520210688622
145.0,0.10692543001302712
146.0,-0.10214820400070859
147.0,-0.0007360215356140565
148.0,-0.08284955140755923
149.0,-0.111673265875856
150.0,-0.0323766616647147
151.0,-0.1277902381652618
152.0,0.5120551311043755
153.0,-0.12214200244711335
154.0,-0.16229816340994116
155.0,-0.058181661048453306
156.0,0.34107735028693886
157.0,0.008112358231369077
158.0,-0.12872770425669655
159.0,-0.16513288098808473
160.0,-0.10483439179540992
161.0,0.027210946397348695
162.0,0.42421974166993204
163.0,0.11965803905692254
164.0,-0.15189575716675652
165.0,0.34914939441846876
166.0,-0.12068736220229975
167.0,0.0004801158052286092
168.0,0.08204561765568241
169.0,-0.10374895674569848
170.0,-0.08799808419823946
171.0,0.009492888579307274
172.0,-0.16424323258926124
173.0,0.11103504404120498
174.0,-0.14163699352903983
175.0,0.14313658145058394
176.0,-0.11618360269725184
177.0,-0.13894526114461234
178.0,0.09915589849322554
179.0,-0.1590246487110418
180.0,0.10040130074496323
181.0,0.2895719529372405
182.0,-0.024927730013571264
183.0,0.4111571333571132
184.0,0.08646511997280751
185.0,-0.1630639923782489
186.0,0.05182215861327061
187.0,-0.16244230200082915
188.0,0.12433173291623273
189.0,-0.05322251491026761
190.0,0.06096119073702383
191.0,0.015395206152808455
192.0,-0.11740578591846443
193.0,-0.11296396285340674
194.0,0.18625259789826334
195.0,-0.09158084706813577
196.0,0.5699344297687226
197.0,-0.09405462258709765
198.0,0.455856243437361
199.0,0.13153633221972513
200.0,0.02143899919113701
201.0,-0.1369532224076966
202.0,-0.14976058881833182
203.0,0.08979585806817583
204.0,-0.07000922874840283
205.0,0.0908444693687965
206.0,-0.14557385080758525
207.0,-0.1641207090220303
208.0,0.013926499010872673
209.0,-0.03991317234931055
210.0,0.16966716150124403
211.0,0.020051216380470194
212.0,0.38436539871948355
213.0,-0.1578169596528276
214.0,-0.17076455171643462
215.0,0.20810281295213065
216.0,-0.11597428195531183
217.0,-0.15620604354363093
218.0,-0.1015432464506884
219.0,-0.10677805344954837
220.0,0.5623213862502405
221.0,-0.08356691097014032
222.0,-0.1272616378564465
223.0,-0.16364997770425502
224.0,-0.1373223245514485
225.0,-0.15665743495963652
226.0,-0.07958028161308037
227.0,-0.1168233218746487
228.0,0.24890625808575403
229.0,-0.045700336184529455
230.0,0.51764023477234
231.0,0.09452521059628835
232.0,-0.03166968739547135
233.0,0.20510369533914558
234.0,-0.13755281025765836
235.0,0.32627640977939876
236.0,0.1022480971757265
237.0,0.26561281679703885
238.0,-0.029195568780272158
239.0,0.024543562964054383
240.0,-0.1677109493789415
241.0,0.5344514995429428
242.0,-0.08533343288449374
243.0,-0.05261903650800498
244.0,-0.154121816799828
245.0,0.05330245130967445
246.0,-0.088631945567783
247.0,0.3282256306856973
248.0,-0.06812231189336636
249.0,0.26273422631722765
250.0,-0.13073247108629654
251.0,0.11695078654397534
252.0,-0.04489628822050118
253.0,0.014025700001834951
254.0,-0.12011904411519052
255.0,-0.15781472656437517
256.0,0.08630862995367525
257.0,-0.09507724796571271
258.0,0.23936605255897378
259.0,-0.14803294377719117
260.0,-0.055340737384144856
261.0,-0.15673656881349896
262.0,-0.0702718395708597
263.0,0.35794472208942174
264.0,-0.03587036471749161
265.0,-0.03847782251331694
266.0,-0.0534190798151494
267.0,-0.17925315466428696
268.0,0.2690242442569197
269.0,-0.060082595082493556
270.0,-0.04357372343598598
271.0,-0.018755318522081815
272.0,0.0061324656612063155
273.0,0.7309184213460478
274.0,-0.1298548532788296
275.0,0.1728796941913618
276.0,0.11655489204078806
277.0,-0.17201565248849882
278.0,0.013891891974055659
279.0,-0.026002612116647283
280.0,-0.02508010505223604
281.0,-0.09985746968210445
282.0,0.1304634503747836
283.0,-0.009445419974348918
284.0,0.24522722338392486
285.0,0.16543099206684964
286.0,0.5905281602914797
287.0,0.12302394993584242
288.0,-0.17906279833326616
289.0,0.3095934854166935
290.0,-0.07343822313656014
291.0,-0.1380698859768187
292.0,0.2171072341236769
293.0,0.029378749448392194
294.0,0.0025924087147561614
295.0,-0.14686255652182842
296.0,0.11480766770190565
297.0,-0.1865835744887584
298.0,0.09130231295096519
299.0,-0.09521688189336198
300.0,-0.18395293203362645
301.0,0.2976981402578225
302.0,-0.18167073947275345
303.0,-0.06002603990798333
304.0,-0.10341519793759084
305.0,0.20942353229684685
306.0,-0.11967472893925009
307.0,-0.18364693821124825
308.0,-0.11319902384062844
309.0,0.2631264883146818
310.0,-0.050416210705129194
311.0,0.10224702333072938
312.0,-0.1589535859884995
313.0,-0.18284662793401
314.0,-0.0662343776439703
315.0,0.09042207255454959
316.0,-0.10805675592083931
317.0,-0.1595149890608334
318.0,-0.16136572529656934
319.0,0.38341604993053346
320.0,-0.12289267523404702
321.0,-0.057199938378126786
322.0,-0.12922582720567577
323.0,-0.17711164669908475
324.0,0.32212703088898126
325.0,-0.1770839988772744
326.0,0.3466807242986444
327.0,0.04020120005370448
328.0,-0.16655679052443847
329.0,0.06848168294135965
330.0,-0.00558289846743687
331.0,-0.14023180078822414
332.0,0.15982416602264893
333.0,0.01488873123039916
334.0,0.1671307855644776
335.0,-0.1619857829352811
336.0,-0.1897851009465386
337.0,0.03912185561819645
338.0,0.25605907346368867
339.0,-0.0787697387235125
340.0,0.17652891896417056
341.0,-0.173351164457523
342.0,0.5705580333440325
343.0,0.024683823100468794
344.0,-0.17061716527605617
345.0,-0.06924839215130849
346.0,-0.07543358642794092
347.0,-0.11774213823217711
348.0,-0.10693292366862846
349.0,0.20766296084565794
350.0,-0.07871166939981175
351.0,-0.04642827222939713
352.0,0.07401546261273165
353.0,0.2803960878393118
354.0,-0.030483246626102578
355.0,0.4675047868070711
356.0,-0.16561714172748934
357.0,0.12502348976876812
358.0,0.06304839995100472
359.0,-0.10700530854436519
360.0,-0.18953726034870808
361.0,0.0581582477481942
362.0,-0.19530809977669278
363.0,0.031301826289100165
364.0,-0.18772132140294712
365.0,0.2705560262299599
366.0,-0.19728363454625894
367.0,-0.11249531172392851
368.0,0.10789230487099755
369.0,0.6003013702723363
370.0,0.035515247205404776
371.0,0.06335389598219746
372.0,-0.16448487798402406
373.0,0.294015075258955
374.0,-0.015008573044628298
375.0,0.14735311910411278
376.0,-0.11841906644288135
377.0,-0.02649999433657474
378.0,-0.0002338039212627374
379.0,-0.03700568848466304
380.0,-0.07284224193327968
381.0,-0.11073321232312906
382.0,0.2091906088980297
383.0,-0.18198625734937787
384.0,0.11685582613685028
385.0,-0.14649271670832548
386.0,0.06716915028876103
387.0,-0.14688909275509354
388.0,0.2544522834777708
389.0,-0.12567084529162367
390.0,0.12224656537274406
391.0,0.3180805280160063
392.0,-0.16985626265522072
393.0,-0.07030708123727533
394.0,-0.15630210275216616
395.0,0.16413517433744096
396.0,0.7666145128120154
397.0,-0.017458941130833794
398.0,-0.14851800765998255
399.0,0.0879997593447937
400.0,-0.07506098834950398
401.0,0.2853363421136613
402.0,0.18907400408462335
403.0,0.36850853275429274
404.0,-0.12099625636458303
405.0,-0.1161107483111609
406.0,-0.17244254051794952
407.0,-0.030579710495227036
408.0,0.3403733675186653
409.0,0.012118965133060544
410.0,0.7188069782207971
411.0,0.25337095178381697
412.0,-0.09783439193024372
413.0,-0.19354172789115207
414.0,0.011443093591665315
415.0,-0.17114400689962395
416.0,-0.07732205993837483
417.0,-0.1697836684032469
418.0,0.05964695192798314
419.0,0.40897898095933527
420.0,-0.046184358420914534
421.0,-0.13680326730538833
422.0,-0.17221135934935108
423.0,-0.13055116518400178
424.0,0.1119613312646815
425.0,0.054424094776644255
426.0,-0.1856808096899499
427.0,0.1056161228783905
428.0,0.2655044673963267
429.0,-0.030104119441912686
430.0,-0.18547667209370713
431.0,-0.07996310899799265
432.0,0.3767389303313154
433.0,0.11481437121199367
434.0,-0.14799383901713387
435.0,0.309020312602296
436.0,-0.025883788820495635
437.0,0.015607441676055739
438.0,0.5095994699575764
439.0,0.13331724290955513
440.0,0.07911917572409438
441.0,0.09921459935020716
442.0,0.2998673339095704
443.0,-0.010543038758942053
444.0,0.3567785481833591
445.0,0.053751484141516814
446.0,-0.15791301625021412
447.0,-0.011480708973583026
448.0,0.03515064024437298
449.0,-0.0574022431253125
450.0,-0.0872331830609239
451.0,-0.15490488699849
452.0,-0.14858185655334027
453.0,-0.19327529498963522
454.0,0.22943492743209246
455.0,0.08338485097280515
456.0,0.14078885357938797
457.0,-0.012730241801266778
458.0,-0.03269791870817618
459.0,-0.07090138160880757
460.0,0.006419874372211892
461.0,-0.03487505852109293
462.0,-0.03771246949220747
463.0,-0.14974194504707716
464.0,-0.19180125568004217
465.0,-0.04089021320812908
466.0,-0.164239513333194
467.0,-0.16754671354907813
468.0,-0.02336148245587885
469.0,-0.13335796454228377
470.0,0.1019105400740741
471.0,-0.04692012698924375
472.0,-0.17003433865187811
473.0,-0.1203482447849786
474.0,-0.06966464468658962
475.0,-0.16690784200584005
476.0,0.0518113384769579
477.0,-0.16768823329772822
478.0,-0.1904565219250564
479.0,-0.030078416280879844
480.0,0.42417531216377913
481.0,-0.10807400616705526
482.0,-0.07506557310586626
483.0,-0.022223473681607764
484.0,0.6895427900540856
485.0,0.19348527083994357
486.0,0.061667697464571375
487.0,-0.11679730230913442
488.0,-0.12259912231734196
489.0,-0.1762455512966969
490.0,0.007273654135305091
491.0,0.1903666612752595
492.0,0.005342795129084421
493.0,0.5179073522652526
494.0,-0.04680239103195932
495.0,0.041828334221969576
496.0,-0.16335800672982562
497.0,-0.18173326232153936
498.0,-0.10479795714537969
499.0,0.2139699897250636
500.0,-0.16188113601780657
501.0,0.11073042394208424
502.0,0.058742416005484965
503.0,-0.17304597054935983
504.0,-0.0949615080061457
505.0,0.4804930559938432
506.0,0.18783063620335444
507.0,-0.03157459317913136
508.0,-0.1766691089497383
509.0,0.46575261997145834
510.0,0.6091332749306926
511.0,0.4929437502842914
512.0,-0.1348359279478943
513.0,-0.012514252891836136
514.0,-0.1639244745433606
515.0,0.118349719879112
516.0,-0.1460405734560182
517.0,0.12025771897803592
518.0,0.26476951957333983
519.0,0.042779523069610775
520.0,0.5194525876595428
521.0,-0.10916799991671523
522.0,-0.15727891535692703
523.0,0.4356258519321293
524.0,-0.12629803375502152
525.0,-0.1804598313768633
526.0,-0.04902819200434294
527.0,-0.04599797495842198
528.0,0.0667901050862855
529.0,-0.15241827727775756
530.0,0.09869248726490465
531.0,-0.11384645860879394
532.0,0.07299951421248266
533.0,-0.09278736208523734
534.0,-0.1806229651740099
535.0,-0.09598247260097126
536.0,-0.1694258050015826
537.0,0.1335794527218824
538.0,-0.050456863508222316
539.0,-0.07675656818528458
540.0,-0.13160563227388372
541.0,0.010729215642996004
542.0,-0.08624380157092013
543.0,0.3798150912106713
544.0,-0.03368358155616552
545.0,0.19496296559911933
546.0,0.013606038062294462
547.0,-0.16348786112820707
548.0,0.047630494254494865
549.0,0.04741892981650603
550.0,0.0006284350823332341
551.0,-0.11162420176941062
552.0,-0.14629936310996017
553.0,0.10333859766085912
554.0,0.0362825547289069
555.0,0.36197152188588133
556.0,0.1878062478956412
557.0,-0.10988120711103788
558.0,-0.05939526888825544
559.0,-0.19592997841408777
560.0,-0.15942474041651034
561.0,0.3449435141782401
562.0,0.031136690677935702
563.0,-0.1121041044246136
564.0,-0.14270987416106312
565.0,0.3549781043969716
566.0,0.0716256034342869
567.0,-0.1527247764439192
568.0,-0.1457541808887794
569.0,0.7467006263326765
570.0,0.015758495538614165
571.0,-0.05723267249873751
572.0,-0.11453344984287898
573.0,-0.1674550286007454
574.0,-0.15668017120227057
575.0,0.5835663654018552
576.0,0.27242432549649626
577.0,0.11364229761978872
578.0,0.010285602203485594
579.0,-0.11008732987965045
580.0,-0.20039998290023356
581.0,0.31282441334301586
582.0,-0.09840595953119337
583.0,-0.19449394190796884
584.0,0.10363818170382344
585.0,-0.1676443214734439
586.0,-0.12633176042348698
587.0,0.27986016792851964
588.0,-0.025280547004116916
589.0,-0.1825036443785284
590.0,0.27533977434365103
591.0,-0.14504377219136738
592.0,-0.19494754795883368
593.0,-0.20647005633001744
594.0,0.3204931534695365
595.0,-0.11435660425705563
596.0,-0.009139160281636388
597.0,-0.15322072356947009
598.0,-0.1078488955483011
599.0,0.6021625939905206
600.0,-0.09241638908962246
601.0,-0.00019454103966598524
602.0,-0.05261662676729664
603.0,-0.19844288112006497
604.0,-0.08473756162541118
605.0,0.4515815000217329
606.0,0.22688672181874678
607.0,0.023157558460283417
608.0,0.07866811977396088
609.0,-0.1930247773544478
610.0,0.1503836790561183
611.0,-0.13315012098078843
612.0,0.39156754365350466
613.0,-0.06007471732958644
614.0,-0.054824590288665154
615.0,0.3758505865875056
616.0,-0.04293018344333541
617.0,-0.14210533789104374
618.0,0.5534031211497499
619.0,0.715839570855531
620.0,0.003028962345511005
621.0,-0.12193764673560795
622.0,-0.22967562276199846
623.0,0.1695843193081893
624.0,-0.20182320218475608
625.0,0.06218813146749308
626.0,0.0634092414054315
627.0,-0.05569297981588092
628.0,-0.21426501508180393
629.0,-0.12598937616043543
630.0,-0.1157108619738759
631.0,-0.14681361764218387
632.0,-0.1461453412974785
633.0,-0.12723573274283917
634.0,-0.047808736578255434
635.0,0.008850573552726948
636.0,-0.23311550131588435
637.0,0.10836777385988702
638.0,-0.16590471936612877
639.0,-0.04023144058081296
640.0,0.322463513553453
641.0,-0.23746041726655104
642.0,0.321462097926361
643.0,0.36720282257242287
644.0,0.05224503538775066
645.0,0.0990452808150018
646.0,0.15298686881966844
647.0,0.15001029439109947
648.0,-0.03577748525016
649.0,0.30613463282406594
650.0,-0.20506027184678768
651.0,0.4963729952816584
652.0,0.26099387117363754
653.0,0.07043685532509092
654.0,-0.2436107320258179
655.0,-0.180448827247399
656.0,-0.18237411935094222
657.0,0.092934680879522
658.0,-0.2001895843140234
659.0,0.5924466490600713
660.0,0.07210787398814905
661.0,0.17825601527943818
662.0,0.03662435117150736
663.0,-0.26487652228329606
664.0,-0.04112647048146145
665.0,0.25416358178826215
666.0,-0.24849508673788645
667.0,-0.19068671520825475
668.0,-0.04167556931753358
669.0,-0.21976071587686727
670.0,0.7203317264068003
671.0,-0.10851486745494457
672.0,-0.16360857208501373
673.0,-0.011218785102076467
674.0,0.0354339701789137
675.0,-0.21883631391292344
676.0,0.3365703392330873
677.0,-0.24628716812153195
678.0,-0.13872619341566053
679.0,-0.15648955005260284
680.0,-0.12669182696013073
681.0,0.5461374262596104
682.0,0.045231628901885645
683.0,0.13254284029599994
684.0,0.06517200320794275
685.0,0.7817296574635866
686.0,0.6676841656361532
687.0,0.5699379056605953
688.0,0.1306410589891806
689.0,-0.26048898131093157
690.0,0.2420915448383416
691.0,0.012380909637701887
692.0,-0.07620172539661585
693.0,0.051833774588785964
694.0,-0.11966293243344797
695.0,-0.21435854048722214
696.0,0.2517078989097648
697.0,0.23526395316619692
698.0,-0.021198700865505626
699.0,-0.12443249431716011
700.0,-0.09294278715574195
701.0,0.46814546186368144
702.0,0.06296871578343394
703.0,-0.24991403837737883
704.0,0.4272780682050118
705.0,-0.010301113114408011
706.0,-0.13371968206440837
707.0,0.4093425608011654
708.0,-0.2605181869869375
709.0,-0.15896608790470396
710.0,-0.23756878488981165
711.0,0.5157509459804264
712.0,0.23491959145590208
713.0,0.08773861941351685
714.0,-0.1445218129741305
715.0,0.21764613239564
716.0,0.2504243167572058
717.0,0.7246462199312669
718.0,0.19446123572817503
719.0,-0.03353087474968064
720.0,0.29132257069147727
721.0,-0.11324507106362619
722.0,-0.24719230325407665
723.0,0.10584593805130427
724.0,0.6147571385939766
725.0,0.011489609456676764
726.0,-0.12178656212395145
727.0,0.017532921046695016
728.0,0.20611551754963886
729.0,0.21373833627917388
730.0,-0.20754893726747853
731.0,0.2086819202506856
732.0,-0.17185350043511455
733.0,0.012968705102152922
734.0,-0.16522586492431068
735.0,-0.291574001867795
736.0,0.048787705400367365
737.0,-0.18718482733902214
738.0,0.06010404267112773
739.0,-0.28040842950450284
740.0,0.007947033966034633
741.0,-0.13416959278784568
742.0,-0.2815541581495105
743.0,-0.014363798613134582
744.0,-0.23757162562647838
745.0,0.5737277373899707
746.0,0.024283513254401257
747.0,-0.1474421966089085
748.0,-0.0864563955927796
749.0,-0.2254118494278759
750.0,0.28695704773508574
751.0,-0.021049702479696786
752.0,-0.201541799250957
753.0,0.4834620326861634
754.0,0.13595943849649766
755.0,-0.1758200856279899
756.0,0.2947387206446811
757.0,-0.07874697826095389
758.0,-0.2001869842686248
759.0,0.3336566514548019
760.0,-0.14287696076219325
761.0,0.08737690171132134
762.0,0.440046086510672
763.0,-0.2043971993283979
764.0,-0.23064876461574058
765.0,0.08767574642897547
766.0,0.543408091805528
767.0,0.5925953974123471
768.0,0.07391298992227735
769.0,0.4261161698976974
770.0,0.4209971204346893
771.0,-0.22969503715814338
772.0,-0.049593539969820355
773.0,0.5131932276623189
774.0,0.006257908057984041
775.0,-0.11881574986279472
776.0,0.056467156687366016
777.0,-0.2211676729952467
778.0,-0.14030798331317929
779.0,-0.17267778598175315
780.0,0.36325147228555155
781.0,0.2579817547823765
782.0,-0.08792742444389182
783.0,-0.10176828302546176
784.0,0.1543610963596168
785.0,-0.25266903845222377
786.0,-0.129035337558253
787.0,-0.2530622383155259
788.0,0.19964271390594757
789.0,0.7718179393277089
790.0,0.5133371543173302
791.0,-0.066879174637961
792.0,0.09023009514458852
793.0,-0.24343058516869232
794.0,-0.11444016843865695
795.0,-0.22505870630862157
796.0,0.24252079581027747
797.0,-0.12924926240838483
798.0,0.0524893305768252
799.0,-0.21246005051629718
800.0,-0.08174216936702444
801.0,0.46115662085111947
802.0,0.37239969385228844
803.0,0.30092736936321846
804.0,-0.17840913159719357
805.0,0.7455079389144186
806.0,0.4470237027541926
807.0,-0.17302733943080062
808.0,0.11273427506904171
809.0,0.19499386950402176
810.0,-0.1333197749022275
811.0,-0.14519846930086694
812.0,-0.09505637596997973
813.0,-0.14357488045211278
814.0,-0.26861372574035314
815.0,0.09095705480095839
816.0,-0.11902103426286378
817.0,-0.11657971533666778
818.0,-0.27297148056047316
819.0,-0.18686466657925377
820.0,-0.160255723033906
821.0,0.9285860811161546
822.0,0.910572133577183
823.0,0.7977799117410556
824.0,0.48630636817634304
825.0,0.8721817375092643
826.0,0.7410705723350186
827.0,0.9447572116290655
828.0,0.09351284414716837
829.0,0.4652883435630387
830.0,0.013089496585567961
831.0,0.05173489092825734
832.0,0.2897307975936593
833.0,0.14223410540288695
834.0,-0.06914069214277316
835.0,-0.14181443466883734
836.0,0.8871395499324981
837.0,0.3526827257241637
838.0,-0.05867278513162216
839.0,0.3234948873403841
840.0,-0.14209790953703616
841.0,0.1814313178870452
842.0,-0.2789004333364501
843.0,-0.2784461082685789
844.0,-0.10451464342445091
845.0,-0.23739035363512004
846.0,-0.2636463534550465
847.0,0.204959922457028
848.0,-0.254105675369679
849.0,-0.22268909781831378
850.0,0.0885491757188025
851.0,-0.14120674288474444
852.0,0.08084341480150753
853.0,-0.20379842707459284
854.0,0.6808502691599303
855.0,-0.05855397468071946
856.0,-0.14137427626091625
857.0,-0.27035598440665565
858.0,-0.18341419020499114
859.0,0.013508773671605412
860.0,-0.05016894603621394
861.0,-0.18940759108677802
862.0,0.3940449717144299
863.0,-0.2562727867902373
864.0,-0.16112531510294947
865.0,0.14479690866928818
866.0,0.2830701147965486
867.0,-0.0902560753773407
868.0,-0.07793377143626495
869.0,-0.21905781280959707
870.0,-0.2056219215910825
871.0,-0.1765846610301799
872.0,0.8382159317181765
873.0,-0.03191015485211632
874.0,-0.13679477801418027
875.0,-0.2375899832629666
876.0,-0.08305497394757197
877.0,0.38909974614146287
878.0,0.9602541556011797
879.0,0.09201295505176538
880.0,-0.21770608873926137
881.0,0.44315742419595255
882.0,0.4673841383566249
883.0,0.5709592651133503
884.0,0.403707775701449
885.0,0.3465595176870382
886.0,-0.13154749708697921
887.0,-0.16756062463217958
888.0,0.30342930294448783
889.0,-0.26017503658277275
890.0,0.028818385826000603
891.0,-0.21403732329730565
892.0,-0.060671737266644904
893.0,-0.14854667253954196
894.0,-0.21461001855721756
895.0,0.3776308427606814
896.0,0.17648515581917745
897.0,-0.2603083680403622
898.0,0.5447052921349059
899.0,0.2747532992451252
900.0,0.48923495384247034
901.0,0.3347550720480037
902.0,-0.15777269887816797
903.0,-0.1386427566648729
904.0,0.37663206049900416
905.0,-0.10798311076884315
906.0,-0.23027233358305488
907.0,0.14577775846655572
908.0,0.295111386405159
909.0,0.40146299071135483
910.0,0.06400175008295722
911.0,-0.20036355536273553
912.0,-0.005619746952677085
913.0,-0.02226262719630412
914.0,-0.2210836634587775
915.0,0.162315965356976
916.0,-0.20693173313781926
917.0,-0.17606770035311003
918.0,-0.18601824507642267
919.0,-0.08045788901274531
920.0,-0.0289348584544028
921.0,-0.06682480841872662
922.0,0.26829803159439997
923.0,-0.11812358656786576
924.0,-0.10998218089723774
925.0,0.9534038433883898
926.0,-0.07486578349870507
927.0,-0.23343236502056872
928.0,0.2994411665439517
929.0,0.3702348259049191
930.0,0.9086644376692861
931.0,0.5648180659911054
932.0,1.4258972630966733
933.0,0.4142513095430385
934.0,-0.16591574680666651
935.0,-0.14258032923461736
936.0,0.01711832891166487
937.0,-0.13658551643377645
938.0,-0.11931332287588037
939.0,0.38302768657225855
940.0,-0.2520634256907844
941.0,0.4770517123780392
942.0,0.21783799442644747
943.0,-0.1714423514050714
944.0,0.01731102281842467
945.0,-0.2218814249130475
946.0,-0.24692535974932192
947.0,-0.2391849685504632
948.0,0.3356198460997583
949.0,0.025943114917966026
950.0,0.600573956809073
951.0,0.15103200343765483
952.0,-0.28297112654728807
953.0,0.0675801884980009
954.0,-0.11205662994900983
955.0,-0.0630044807509337
956.0,0.907684359821773
957.0,0.312536277777991
958.0,0.050033310282224186
959.0,-0.13728553389903475
960.0,-0.09773652418861387
961.0,-0.16915042671015995
962.0,0.17468860064284036
963.0,0.4479522795558657
964.0,0.28758318960599794
965.0,-0.19780155755267287
966.0,0.7907037420825451
967.0,0.23222635296813787
968.0,-0.11902504533584568
969.0,-0.2745206904431391
970.0,-0.1541277302230356
971.0,-0.23061922291403555
972.0,0.09778254594647678
973.0,-0.30324973971484964
974.0,0.5508470925341514
975.0,-0.05995237653667504
976.0,0.16648297465691392
977.0,-0.2669031185133884
978.0,-0.13698488347736676
979.0,-0.28453787597909236
980.0,0.1577870063797847
981.0,0.21830890971631856
982.0,0.06600468083119204
983.0,-0.19121372832463368
984.0,0.03645292348481505
985.0,-0.05958495803505931
986.0,-0.1264846953869303
987.0,-0.049292902299120034
988.0,-0.21691139162819184
989.0,-0.09211693135387916
990.0,-0.13737092052655808
991.0,-0.0161692552983132
992.0,-0.17771575139689633
993.0,-0.25348183126471197
994.0,0.14419131753229042
995.0,-0.1638643982193708
996.0,-0.26647298157884125
997.0,0.7985005562691452
998.0,0.6991672448474925
999.0,0.24255403739286935
1000.0,-0.00657203093540093
1001.0,-0.19751233058385534
1002.0,-0.2914706998347816
1003.0,-0.116778971035462
1004.0,0.5610508369138738
1005.0,0.4322839849564425
1006.0,0.19204884548996326
1007.0,-0.02883624068625168
1008.0,-0.13355133126795873
1009.0,-0.05231629668105858
1010.0,-0.1943725203503719
1011.0,-0.18754737995658824
1012.0,-0.2745734811970151
1013.0,-0.1653196348309575
1014.0,-0.06079187709248496
1015.0,-0.27232324439800104
1016.0,0.10926858255075128
1017.0,1.108338273400032
1018.0,0.4731868455727049
1019.0,0.3097474645503457
1020.0,-0.03471069330234744
1021.0,-0.33635459733341067
1022.0,-0.19121039759858227
1023.0,-0.05757683227670496
1024.0,-0.22080420046276492
1025.0,0.3413919712745931
1026.0,0.2821627145802783
1027.0,0.08679535895542911
1028.0,0.6537247883656943
1029.0,0.3530219078404813
1030.0,-0.09775865645349119
1031.0,-0.35935384679764176
1032.0,0.9458344141629089
1033.0,0.5075717303874581
1034.0,0.002539498895458403
1035.0,-0.17422618097639
1036.0,-0.29400245659073815
1037.0,0.8084892627231588
1038.0,-0.20938663076873543
1039.0,0.9438175772522777
1040.0,1.0318298493892741
1041.0,0.3262327778860211
1042.0,-0.2936569952841462
1043.0,-0.29723943729080476
1044.0,-0.18605046540619735
1045.0,0.25885282010567723
1046.0,-0.06937651761255303
1047.0,-0.19807913855834736
1048.0,0.39543888213545286
1049.0,0.3560556220293142
1050.0,0.8607297970200574
1051.0,0.09648655293497282
1052.0,0.19274770894440624
1053.0,0.02219166771862746
1054.0,-0.11120641930046432
1055.0,-0.05428396247044043
1056.0,0.48472183270838654
1057.0,0.4949220096368811
1058.0,-0.02398638923370877
1059.0,0.15592427189254632
1060.0,-0.25735215369172354
1061.0,-0.327955387534026
1062.0,0.0021708309441118012
1063.0,0.7061090033631909
1064.0,1.2900939483027187
1065.0,0.9300360829802727
1066.0,1.9887887135129856
1067.0,1.1459931500128606
1068.0,0.68541950150009
1069.0,0.7761656190433188
1070.0,-0.32139112902607925
1071.0,0.18180024374126846
1072.0,-0.35715355509812863
1073.0,-0.11950168486618246
1074.0,-0.0033469980818468525
1075.0,0.28922388538589344
1076.0,0.08045148080296766
1077.0,0.4028725153695993
1078.0,-0.10503767555182053
1079.0,-0.12233207643322114
1080.0,-0.0024030491794662656
1081.0,0.23240659748821646
1082.0,-0.3072333494735021
1083.0,-0.3999981673811578
1084.0,0.9637086985884145
1085.0,0.5801269980574149
1086.0,0.7290749030459227
1087.0,0.6639739842620159
1088.0,-0.1439219438799137
1089.0,0.7561020267713798
1090.0,0.12093933077727315
1091.0,0.1200026013440535
1092.0,-0.1103102100540474
1093.0,0.08333707533409429
1094.0,-0.26053150272383296
1095.0,-0.0899201988595087
1096.0,-0.06868493329316805
1097.0,0.031447119340177354
1098.0,0.13415679420262228
1099.0,-0.280527153989342
1100.0,0.7804089738960618
1101.0,1.0633817116183015
1102.0,1.2751260427539135
1103.0,1.7417531165768672
1104.0,0.07438098846619895
1105.0,0.25249609823324604
1106.0,-0.20306329658740963
1107.0,0.0528414310963739
1108.0,-0.2360284596553633
1109.0,-0.1398488798206392
1110.0,-0.46796557024575364
1111.0,-0.41029722142779856
1112.0,-0.4654815253832399
1113.0,0.06990765206103944
1114.0,-0.12585321552882772
1115.0,-0.23174940306415348
1116.0,-0.13955219999459018
1117.0,0.02484326368180989
1118.0,-0.3675906146275657
1119.0,0.652809588406323
1120.0,0.41493854952422593
1121.0,0.48085586973930916
1122.0,0.5276553235010523
1123.0,0.0038021619542085716
1124.0,-0.18114422893149085
1125.0,-0.4963823840295918
1126.0,-0.34494180379537476
1127.0,-0.44416133751131914
1128.0,-0.4885909979294879
1129.0,0.2752183699180708
1130.0,1.2395752442603025
1131.0,2.003677522249199
1132.0,3.04589708744371
1133.0,0.9541005877780248
1134.0,0.7618842160643537
1135.0,2.1123875166939277
1136.0,-0.12281969463842946
1137.0,-0.5307784868846912
1138.0,-0.08788458701390345
1139.0,-0.3205977613842506
1140.0,0.26190744960178547
1141.0,0.41541675888294227
1142.0,0.15864353747699023
1143.0,-0.5081019366562509
1144.0,0.2765950687579767
1145.0,-0.32108510312278454
1146.0,-0.5059787779386152
1147.0,-0.2662990802079766
1148.0,0.05467960182271381
1149.0,0.043866221778918524
1150.0,-0.3015923226457344
1151.0,-0.42220028286135003
1152.0,0.2191068542091592
1153.0,0.26373068225552065
1154.0,-0.09259396769498385
1155.0,-0.3000967662045652
1156.0,-0.48185258888938765
1157.0,-0.543659899440709
1158.0,-0.48691294640386484
1159.0,0.597432460003962
1160.0,0.6662127830705092
1161.0,0.3283200161475296
1162.0,1.17611556802155
1163.0,0.6267079533490741
1164.0,1.1465278540902675
1165.0,0.6085391153686971
1166.0,0.6170646957800906
1167.0,0.18980296042265543
1168.0,0.7019619002175791
1169.0,0.558618043508317
1170.0,0.2411988827747218
1171.0,0.02578955279754558
1172.0,0.2630760914394352
1173.0,-0.3933450323219553
1174.0,-0.3838901575580772
1175.0,-0.3552849048179164
1176.0,0.016720541277710388
1177.0,0.426384747553198
1178.0,0.3959007211342148
1179.0,0.13434949973116395
1180.0,-0.17270347329367103
1181.0,0.14498572205187976
1182.0,0.00831971844929158
1183.0,-0.5257102341747162
1184.0,-0.028685068622434362
1185.0,-0.20023969478610604
1186.0,-0.013004114948514833
1187.0,
1188.0,
1189.0,
1190.0,
1191.0,
1192.0,
1193.0,
1194.0,
1195.0,
1196.0,
1197.0,
1198.0,
1199.0,
1200.0,
1201.0,
1202.0,
1203.0,
1204.0,
1205.0,
1206.0,
1207.0,
1208.0,
1209.0,
1210.0,
1211.0,
1212.0,
1213.0,
1214.0,
1215.0,
1216.0,
1217.0,
1218.0,
1219.0,
1220.0,
1221.0,
1222.0,
1223.0,
1224.0,
1225.0,
1226.0,
1227.0,
1228.0,
1229.0,
1230.0,
1231.0,
1232.0,
1233.0,
1234.0,
1235.0,
1236.0,
1237.0,
1238.0,
1239.0,
1240.0,
1241.0,
1242.0,
1243.0,
1244.0,
1245.0,
1246.0,
1247.0,
1248.0,
1249.0,
1250.0,
1251.0,
1252.0,
1253.0,
1254.0,
1255.0,
1256.0,
1257.0,
1258.0,
1259.0,
1260.0,
1261.0,
1262.0,
1263.0,
1264.0,
1265.0,
1266.0,
1267.0,
1268.0,
1269.0,
1270.0,
1271.0,
1272.0,
1273.0,
1274.0,
1275.0,
1276.0,
1277.0,
1278.0,
1279.0,
1280.0,
1281.0,
1282.0,
1283.0,
1284.0,
1285.0,
1286.0,
1287.0,
1288.0,
1289.0,
1290.0,
1291.0,
1292.0,
1293.0,
1294.0,
1295.0,
1296.0,
1297.0,
1298.0,
1299.0,
1300.0,
1301.0,
1302.0,
1303.0,
1304.0,
1305.0,
1306.0,
1307.0,
1308.0,
1309.0,
1310.0,
1311.0,
1312.0,
1313.0,
1314.0,
1315.0,
1316.0,
1317.0,
1318.0,
1319.0,
1320.0,
1321.0,
1322.0,
1323.0,
1324.0,
1325.0,
1326.0,
1327.0,
1328.0,
1329.0,
1330.0,
1331.0,
1332.0,
1333.0,
1334.0,
1335.0,
1336.0,
1337.0,
1338.0,
1339.0,
1340.0,
1341.0,
1342.0,
1343.0,
1344.0,
1345.0,
1346.0,
1347.0,
1348.0,
1349.0,
1350.0,
1351.0,
1352.0,
1353.0,
1354.0,
1355.0,
1356.0,
1357.0,
1358.0,
1359.0,
1360.0,
1361.0,
1362.0,
1363.0,
1364.0,
1365.0,
1366.0,
1367.0,
1368.0,
1369.0,
1370.0,
1371.0,
1372.0,
1373.0,
1374.0,
1375.0,
1376.0,
1377.0,
1378.0,
1379.0,
1380.0,
1381.0,
1382.0,
1383.0,
1384.0,
1385.0,
1386.0,
1387.0,
1388.0,
1389.0,
1390.0,
1391.0,
1392.0,
1393.0,
1394.0,
1395.0,
1396.0,
1397.0,
1398.0,
1399.0,
1400.0,
1401.0,
1402.0,
1403.0,
1404.0,
1405.0,
1406.0,
1407.0,
1408.0,
1409.0,
1410.0,
1411.0,
1412.0,
1413.0,
1414.0,
1415.0,
1416.0,
1417.0,
1418.0,
1419.0,
1420.0,
1421.0,
1422.0,
1423.0,
1424.0,
1425.0,
1426.0,
1427.0,
1428.0,
1429.0,
1430.0,
1431.0,
1432.0,
1433.0,
1434.0,
1435.0,
1436.0,
1437.0,
1438.0,
1439.0,
1440.0,
1441.0,
1442.0,
1443.0,
1444.0,
1445.0,
1446.0,
1447.0,
1448.0,
1449.0,
1450.0,
1451.0,
1452.0,
1453.0,
1454.0,
1455.0,
1456.0,
1457.0,
1458.0,
1459.0,
1460.0,
1461.0,
1462.0,
1463.0,
1464.0,
1465.0,
1466.0,
1467.0,
1468.0,
1469.0,
1470.0,
1471.0,
1472.0,
1473.0,
1474.0,
1475.0,
1476.0,
1477.0,
1478.0,
1479.0,
1480.0,
1481.0,
1482.0,
1483.0,
1484.0,
1485.0,
1486.0,
1487.0,
1488.0,
1489.0,
1490.0,
1491.0,
1492.0,
1493.0,
1494.0,
1495.0,
1496.0,
1497.0,
1498.0,
1499.0,
