Time,residuals
0.0,0.6762257703316112
1.0,-0.08784135737913838
2.0,0.2730178841218802
3.0,-0.09787035499008112
4.0,-0.14325530348942364
5.0,-0.16702306070077672
6.0,0.05500114053494773
7.0,-0.0418217970869893
8.0,-0.11538526194892786
9.0,0.2707165499503881
10.0,-0.1569483648543517
11.0,-0.15096552649237896
12.0,0.04095960160791784
13.0,0.08000858498906155
14.0,0.07316788645978506
15.0,-0.10662040824275973
16.0,-0.07623676520693123
17.0,0.2955472067644716
18.0,0.032066012791892834
19.0,-0.05385163451535857
20.0,-0.09819427000495289
21.0,0.32525967330604144
22.0,0.16521702780588735
23.0,-0.04617939052489459
24.0,-0.14072255407015294
25.0,0.012986448572655407
26.0,0.13165054956625746
27.0,-0.0944502418396526
28.0,-0.016100596891037905
29.0,-0.15178209417542207
30.0,0.44602367273092197
31.0,-0.10494886256457295
32.0,-0.12341059177268554
33.0,-0.10188479207226983
34.0,0.018236095967280375
35.0,-0.06509975323299158
36.0,-0.025956715672078357
37.0,0.22478737387271897
38.0,-0.17358051942725625
39.0,0.1091793036223156
40.0,0.0957924811148192
41.0,-0.13371333441860694
42.0,1.129256874245555
43.0,-0.07385713802062602
44.0,-0.025838735209348124
45.0,-0.11829825553916365
46.0,0.19348607814717447
47.0,-0.05039353730166113
48.0,0.36612095390508775
49.0,0.22732771797773138
50.0,-0.15879087372192763
51.0,-0.14791501348054653
52.0,-0.047463319087370115
53.0,-0.15722450725480802
54.0,-0.05253737118726762
55.0,0.32921818290365046
56.0,-0.04131355805001774
57.0,-0.14158952821451581
58.0,-0.1466017033519675
59.0,-0.1005635909705363
60.0,0.021619977852683214
61.0,-0.13788722364399186
62.0,-0.15010962700308983
63.0,-0.11694829980398057
64.0,-0.1662847732152495
65.0,0.3291241862502007
66.0,-0.12361557030317397
67.0,-0.10059283663336223
68.0,-0.17778662272677387
69.0,-0.09236203596328071
70.0,0.3312549004994041
71.0,-0.020569460433357972
72.0,0.1836422363700811
73.0,-0.1271186628424661
74.0,-0.05782096911481713
75.0,-0.1784528317025271
76.0,0.2517737935997467
77.0,0.02216833016069364
78.0,-0.18060976155867217
79.0,0.07136471552884432
80.0,0.19969429571775743
81.0,-0.15745517964364936
82.0,-0.0956167138848741
83.0,-0.17951412177779943
84.0,0.5743940069018637
85.0,-0.1015970677289545
86.0,0.3034764615558315
87.0,-0.13149186907389224
88.0,-0.18850982222900953
89.0,-0.08598157659084937
90.0,0.22082767874913614
91.0,-0.09370787946163234
92.0,-0.03030486520787759
93.0,-0.030940414509419922
94.0,0.18796787655665717
95.0,-0.10670481954272566
96.0,-0.03413966925011924
97.0,-0.15860425672029066
98.0,0.3159191056727755
99.0,0.1280842836262063
100.0,-0.17851583699534962
101.0,-0.07614872482088193
102.0,0.5131652977306052
103.0,0.14552274346253466
104.0,-0.04458074633939285
105.0,0.08953814213682823
106.0,0.12711065848003303
107.0,-0.16813609636565105
108.0,-0.07835257069018912
109.0,-0.14188433833814446
110.0,-0.09168363983811056
111.0,-0.06240081861240884
112.0,0.3262254968992678
113.0,0.13215968124280883
114.0,-0.08414019508434863
115.0,0.03021370601949211
116.0,0.32672847453663245
117.0,-0.08952497944336997
118.0,0.034654716605730246
119.0,0.32287171624200106
120.0,0.04666367995991766
121.0,0.5481645743102047
122.0,-0.11403224748387013
123.0,0.19240910102835151
124.0,0.39894682996001046
125.0,-0.1963575774598005
126.0,-0.078181754570255
127.0,-0.07873226902996844
128.0,-0.17099991712954865
129.0,-0.20495184909406514
130.0,-0.16768308738947235
131.0,0.21285067817034453
132.0,-0.11187085468126141
133.0,-0.09602246627805107
134.0,0.10054662414172016
135.0,-0.14140489358748204
136.0,-0.04998544098423935
137.0,-0.1941670555062757
138.0,-0.07711220878142017
139.0,0.09989758995817752
140.0,-0.17002935524337404
141.0,-0.08560152161323789
142.0,-0.022550364597463735
143.0,-0.023692157377834006
144.0,-0.18357407611416018
145.0,-0.09801623154329374
146.0,0.34118635480786497
147.0,0.2073071161560849
148.0,0.11782687926918675
149.0,-0.1494159822787556
150.0,-0.08265380093830813
151.0,-0.1415581785341451
152.0,-0.12823077509876815
153.0,0.25060172614468756
154.0,-0.1545546009509239
155.0,0.2153997417719131
156.0,0.2316951736405896
157.0,-0.09503934081468594
158.0,0.17059012908914403
159.0,-0.11644299208049919
160.0,0.5548223244270327
161.0,-0.16202762691375622
162.0,-0.11961771469492127
163.0,-0.18812112972059508
164.0,-0.053622054825871956
165.0,-0.037058954945094646
166.0,-0.1311186220797852
167.0,0.01306281886493385
168.0,0.5238068581153679
169.0,-0.17497394471519817
170.0,-0.1484029924918215
171.0,-0.05202715700182017
172.0,0.3716475763545472
173.0,0.2546680700795067
174.0,-0.08061142150050218
175.0,-0.04106821599634572
176.0,0.2133969568351495
177.0,0.028631608518798396
178.0,-0.1498125568249616
179.0,0.438992705172175
180.0,-0.07770812328601737
181.0,-0.19315991279171354
182.0,-0.1267008146807711
183.0,0.24216663561889037
184.0,0.031886993227256355
185.0,-0.11254580102457527
186.0,0.07198423370909665
187.0,0.27028162507343034
188.0,0.14139650811542778
189.0,-0.15448778603535665
190.0,-0.16838023420207338
191.0,0.7584982962106823
192.0,-0.18586630933090292
193.0,-0.16529056803133674
194.0,-0.15181496431636324
195.0,0.04588990371267898
196.0,0.11396104648109007
197.0,-0.09219093962209224
198.0,0.2869452133238877
199.0,0.10711744169012927
200.0,-0.1950808823017154
201.0,0.0703814943033621
202.0,0.27895507576961287
203.0,0.07189801848790328
204.0,0.19629997653651665
205.0,-0.1263624542492744
206.0,0.037894511923579594
207.0,0.039010177975164095
208.0,-0.20625584952192322
209.0,0.08935120055253593
210.0,-0.1920333365644967
211.0,0.4134437651640454
212.0,-0.06981531942813157
213.0,-0.1306815907135523
214.0,-0.19060247073699427
215.0,0.21609593796890966
216.0,-0.21215693593004803
217.0,0.04139269395202169
218.0,0.30013471032392725
219.0,-0.22893208863179107
220.0,-0.19343836093678465
221.0,-0.0855891004088328
222.0,0.02750330992854011
223.0,-0.20593070946453584
224.0,-0.0450200525425348
225.0,0.2564579656053725
226.0,-0.07353509203500913
227.0,-0.10626387079505419
228.0,-0.1935522750466634
229.0,-0.04861414051060778
230.0,-0.19916621077764476
231.0,0.14954155599992816
232.0,-0.09200138288585308
233.0,-0.058202785918348654
234.0,-0.1525137620057841
235.0,0.1201543987013349
236.0,0.40976271123396635
237.0,-0.07813948880762733
238.0,-0.12563706020768262
239.0,0.0030455225418802023
240.0,-0.09588338673963365
241.0,-0.1971549253388261
242.0,-0.20017231021218715
243.0,-0.18137792239563283
244.0,-0.06400812754639829
245.0,-0.20116717267433273
246.0,0.31448759529245807
247.0,-0.1531212045321199
248.0,0.10738190224920938
249.0,0.36965045904482874
250.0,-0.08376387871599214
251.0,0.20402976214836385
252.0,0.1924802104707025
253.0,0.025294676950171513
254.0,0.22782499401292075
255.0,-0.10950162565305208
256.0,0.053893900870052996
257.0,-0.12365215892687029
258.0,-0.13848172162051203
259.0,-0.029840858425567024
260.0,0.11807413403775566
261.0,-0.07459486514424801
262.0,-0.1382628024662504
263.0,0.006794102353087916
264.0,0.15137156639685115
265.0,-0.10427625785322753
266.0,-0.11049504662779513
267.0,0.2376863023143626
268.0,-0.1798268364197324
269.0,-0.1830906862201968
270.0,-0.08752346882318174
271.0,0.160791841548536
272.0,-0.18092192512521352
273.0,-0.21264280263618138
274.0,0.38821609065691315
275.0,-0.07960611159117795
276.0,-0.10273867243264745
277.0,-0.2319679572016286
278.0,0.5023522315973138
279.0,-0.10456037861168113
280.0,0.5761919397474654
281.0,0.611546618318002
282.0,0.19355293323991643
283.0,0.38338271394611856
284.0,0.03180448136350769
285.0,-0.05596371828219898
286.0,0.3884860717511694
287.0,0.10709295906244881
288.0,-0.20881705857842692
289.0,0.060060706157616134
290.0,-0.14464646138291287
291.0,0.36652130742817346
292.0,0.2176366923229073
293.0,-0.19954024855432215
294.0,-0.131324829354928
295.0,-0.04479934587469134
296.0,-0.19099217840760183
297.0,0.6805389185682992
298.0,0.11121141020494987
299.0,-0.025487306339402716
300.0,-0.2101187483014787
301.0,0.42749602698617195
302.0,0.002627291521802161
303.0,-0.0340747312250998
304.0,-0.12999943691446303
305.0,-0.07189057090671835
306.0,-0.06377926903769188
307.0,-0.2183305164399993
308.0,-0.07856349766322035
309.0,0.049835556953017
310.0,0.24781540133103772
311.0,0.2324134444676007
312.0,0.2674157558759874
313.0,-0.17633981192321097
314.0,-0.17513525645353695
315.0,0.06789839657835547
316.0,-0.008924464393307435
317.0,-0.20075787779797893
318.0,0.18692060110573216
319.0,-0.18459934855692847
320.0,0.6711973490145293
321.0,0.11942429460353177
322.0,-0.09817696807400922
323.0,-0.22265325627464816
324.0,-0.21050664428830007
325.0,0.4737628629685843
326.0,0.13821015581462331
327.0,-0.14352491044304622
328.0,0.07382154691868906
329.0,-0.16929315982056903
330.0,0.0789934995947246
331.0,0.21984721224008866
332.0,-0.11178794470380296
333.0,0.04285235817127339
334.0,0.3521926744242653
335.0,-0.15888426419487411
336.0,-0.15663863687273122
337.0,0.012287542618304337
338.0,-0.16917648314517625
339.0,-0.09286975381141926
340.0,-0.13995262884882181
341.0,0.08346149940140729
342.0,0.07256988292159933
343.0,-0.1288251019253447
344.0,-0.2246082005897056
345.0,0.4149310904840281
346.0,0.6944337524248467
347.0,0.2614831663401249
348.0,0.1309161735177165
349.0,0.09879418838099582
350.0,-0.19674010160018157
351.0,-0.16145096715676274
352.0,-0.1891846458092583
353.0,-0.17082076433543425
354.0,0.1303446172581779
355.0,-0.2084677509504191
356.0,0.33396088950216385
357.0,0.38776948765289254
358.0,0.01236125926125764
359.0,-0.22135319817663646
360.0,-0.19220510403090496
361.0,0.11060890830907597
362.0,-0.2215380848545388
363.0,-0.1294070754146961
364.0,0.23885264404195858
365.0,-0.036172008208362055
366.0,-0.03783813196751451
367.0,0.26401699874257467
368.0,-0.1947959617734772
369.0,-0.19388073574225084
370.0,-0.22180970349489237
371.0,0.0451411062701495
372.0,-0.20370519918938823
373.0,0.539493736775857
374.0,-0.08171961710110962
375.0,0.08993764645693983
376.0,-0.16588519834493212
377.0,0.6019401634213061
378.0,-0.20585493136172506
379.0,0.02121638280443386
380.0,0.005172877462716774
381.0,-0.14745343988913887
382.0,-0.19197807066916722
383.0,-0.09029791556096009
384.0,0.1323463374846032
385.0,-0.10751568582094254
386.0,-0.11983899803352743
387.0,0.13382524908287294
388.0,-0.20944986005794292
389.0,0.34554190722449807
390.0,-0.021185943264213303
391.0,-0.13751227087184992
392.0,0.0025676205037273303
393.0,-0.22782687957264977
394.0,-0.21073638459064037
395.0,0.4054182012955766
396.0,0.330924475124242
397.0,0.17814754161762447
398.0,-0.2020547371730169
399.0,-0.10209342293634865
400.0,-0.2274230918470874
401.0,-0.15167065890551615
402.0,-0.1522475101885828
403.0,-0.13699798784815614
404.0,-0.11573697002601811
405.0,-0.12558552113287616
406.0,-0.15102427156757536
407.0,-0.11035505546124563
408.0,-0.108851123472155
409.0,-0.0063099309648569635
410.0,-0.13156748502919752
411.0,0.00020060739822080897
412.0,0.23568108056215867
413.0,0.11377213849527745
414.0,0.33317661796572673
415.0,0.1058943262052611
416.0,0.2627932191285951
417.0,0.043572555967791665
418.0,-0.23187220599400402
419.0,-0.11856098955989505
420.0,0.17450694847043627
421.0,-0.2320376068397188
422.0,-0.23114148689950248
423.0,-0.1414669358381534
424.0,0.4169638583305605
425.0,0.5345671052128275
426.0,0.38815191996533005
427.0,-0.050850835019416896
428.0,-0.007444038891184335
429.0,0.21440195673154602
430.0,0.0886047962381162
431.0,-0.1973570068114121
432.0,-0.049646432964668835
433.0,-0.19570603677859033
434.0,0.1785324654875286
435.0,0.40463038934434936
436.0,-0.20696919831012361
437.0,-0.1158206289121351
438.0,-0.004792135933083197
439.0,-0.20103172010613912
440.0,-0.11250628819337025
441.0,0.06402343705297214
442.0,0.43344842794671884
443.0,6.422876841033487e-05
444.0,0.08885443361212084
445.0,-0.09612791091662648
446.0,-0.014522228964080869
447.0,0.19622686081248691
448.0,-0.2046074746173775
449.0,-0.07761623359975448
450.0,0.2420073806578309
451.0,-0.19459058410226204
452.0,0.8253883114629342
453.0,0.14289065609091783
454.0,-0.19374549818109904
455.0,-0.0661188732634006
456.0,0.20517053558231865
457.0,0.00020209868352688565
458.0,0.1521792675903548
459.0,-0.06826126308797531
460.0,-0.11898662926216999
461.0,0.5968562712441133
462.0,0.020242317179707925
463.0,-0.05872892251150594
464.0,-0.10478428418128197
465.0,-0.13867093390249047
466.0,-0.20953014227001016
467.0,-0.08115476797725371
468.0,-0.2195678905070807
469.0,-0.15228132981943351
470.0,-0.2055614006305979
471.0,0.8112206219021557
472.0,1.0232134844550773
473.0,0.14824991472745097
474.0,-0.0864172426747819
475.0,0.34386740656483866
476.0,0.29863715678193575
477.0,-0.20700124023188324
478.0,-0.24727309112574794
479.0,0.13226706988508924
480.0,-0.24264670503422292
481.0,-0.1580561363853117
482.0,-0.22123480705453952
483.0,0.18418494424768633
484.0,-0.22893827226383306
485.0,-0.04120668650948184
486.0,-0.06835846978490961
487.0,-0.20379665255815949
488.0,-0.028489618355191204
489.0,-0.06774594132020312
490.0,-0.23048921738067646
491.0,-0.12483197798348025
492.0,-0.05531092242349059
493.0,-0.1627354918280525
494.0,0.5338634125267208
495.0,-0.022655979463570397
496.0,-0.16335872863078876
497.0,0.4621818277815306
498.0,0.2198467738692163
499.0,0.4202661829963802
500.0,-0.0429950359143641
501.0,-0.25279862845531426
502.0,0.17039185308673377
503.0,-0.1567732768679865
504.0,0.24751976862798425
505.0,-0.18704684843465985
506.0,-0.08431960185750756
507.0,0.04229663779552478
508.0,0.20026740777817464
509.0,0.2627222753407386
510.0,0.436111365419486
511.0,-0.20993120280445574
512.0,0.0354837442873977
513.0,-0.1824267206075964
514.0,0.8597101367030474
515.0,0.1903612607155193
516.0,-0.016041321071986192
517.0,0.13735681475717143
518.0,-0.25101711381468333
519.0,-0.06847768522336839
520.0,0.12468851505962458
521.0,-0.2392916359518375
522.0,0.37750789930193696
523.0,-0.25223768173378436
524.0,0.20006354400212378
525.0,-0.22986269509703544
526.0,-0.219369217250354
527.0,0.2529275593920232
528.0,-0.26018643923941354
529.0,0.415618880011419
530.0,0.16288395105946862
531.0,-0.04443738423735705
532.0,-0.06543857212752086
533.0,-0.20199907677471893
534.0,-0.21878156608368246
535.0,-0.1375611476818563
536.0,0.07241443482516846
537.0,0.5629743342936473
538.0,0.07084758089173737
539.0,0.7429028596953102
540.0,0.01977362791940357
541.0,-0.1788537490531335
542.0,-0.20752064422663044
543.0,0.03889450444726289
544.0,0.46635004185308837
545.0,-0.16984743247806094
546.0,-0.21325673649413493
547.0,0.16593913205133137
548.0,-0.012394187307224358
549.0,0.08327710892620449
550.0,0.156046237642065
551.0,0.564420031252282
552.0,0.0787037077930568
553.0,-0.13242756340626885
554.0,0.028312469627635006
555.0,-0.1267746141592247
556.0,0.7957933708676952
557.0,0.7661867659227246
558.0,-0.08145892596099694
559.0,0.19570226369698268
560.0,0.06446403483423518
561.0,-0.1475303198847791
562.0,0.34439784863008915
563.0,-0.24996837738377758
564.0,-0.24967398604567034
565.0,0.6185690604104969
566.0,-0.01852365717507981
567.0,0.33963922832893884
568.0,-0.01880546925918139
569.0,-0.21438680330578924
570.0,-0.03678182560746332
571.0,-0.2221428902117198
572.0,0.31708591720027735
573.0,0.17385260600995384
574.0,-0.2579173726984534
575.0,0.28344058117178683
576.0,-0.21982349004272114
577.0,-0.2473547578466993
578.0,-0.05345722242325657
579.0,-0.045649437182351815
580.0,-0.18821309756345178
581.0,-0.10752222646760956
582.0,0.18659276124525553
583.0,-0.19031405760345887
584.0,0.2840305255520095
585.0,-0.22258955547088702
586.0,-0.16891528497367292
587.0,-0.08845669978160461
588.0,-0.0772161192470246
589.0,-0.16496164670421992
590.0,-0.006239721956431354
591.0,-0.14353008487783026
592.0,0.11378738524856197
593.0,0.6402471201924642
594.0,0.21727497939893164
595.0,0.4465120324397614
596.0,0.1351269835639211
597.0,-0.1650704339636902
598.0,-0.17933391436922438
599.0,-0.12131063310381573
600.0,0.6446879147967748
601.0,-0.16675444198409528
602.0,0.06922104261235718
603.0,-0.08596433625385033
604.0,-0.21779342091515463
605.0,0.15691754480645254
606.0,-0.09402474713717618
607.0,-0.11065913590372742
608.0,0.8344981359378808
609.0,0.25463380135850716
610.0,0.07762268505119607
611.0,-0.26302378777231905
612.0,-0.19931464331379176
613.0,-0.026503570375677438
614.0,-0.23633176806528294
615.0,-0.06774386984445946
616.0,-0.17706012121595147
617.0,-0.19131766003699172
618.0,1.0978499544448896
619.0,0.26428556170198125
620.0,0.8577215044082499
621.0,-0.1735620259810778
622.0,-0.055511558005641504
623.0,-0.20526333616920764
624.0,-0.16283646011196218
625.0,0.15381469790327534
626.0,0.11201947684132552
627.0,-0.12754374925022602
628.0,0.22951684697131775
629.0,0.1291812374042165
630.0,-0.060296746459242156
631.0,-0.1927055738808402
632.0,-0.2532009372862711
633.0,0.09448533216624089
634.0,-0.2373712470514449
635.0,0.02076653519973931
636.0,0.05888316895517404
637.0,-0.18623817005299287
638.0,0.27411371017124003
639.0,0.23508401098735188
640.0,0.669362859297498
641.0,-0.13126319098524783
642.0,-0.10220692248138277
643.0,-0.21403400554380908
644.0,-0.10413451617259062
645.0,0.47729590511461406
646.0,-0.23290747784627172
647.0,-0.009330584474972536
648.0,0.9609725152400784
649.0,0.7129181519159539
650.0,0.13826977296761334
651.0,-0.23651822215561996
652.0,0.24653192688704229
653.0,0.029030678354671435
654.0,0.2187805069844383
655.0,-0.2341744842068751
656.0,0.8505769793627846
657.0,0.991684732969592
658.0,0.1997758687642952
659.0,0.5487423283253062
660.0,-0.16841010365462045
661.0,-0.19126996984422145
662.0,0.3501099094144469
663.0,0.3611241572167325
664.0,0.17486710801761224
665.0,-0.2171504035118288
666.0,-0.23288598771190197
667.0,0.102032118711882
668.0,-0.05992051807816903
669.0,-0.01521893405689606
670.0,-0.09332706681422961
671.0,0.47573128436637374
672.0,0.07354691505244632
673.0,0.2633372496328317
674.0,-0.2227235430970582
675.0,-0.19598802806184287
676.0,0.22501058071722616
677.0,0.1553512451179087
678.0,0.17925869670928443
679.0,-0.11398652897724623
680.0,-0.11638251574855485
681.0,-0.24543696917720756
682.0,-0.05372160338864762
683.0,-0.12108635742622481
684.0,0.2264667871680211
685.0,-0.19715766644217847
686.0,-0.019575187315498538
687.0,-0.24710063868731086
688.0,0.3023689234086505
689.0,-0.20738834172524587
690.0,-0.19455678737473042
691.0,-0.22938899519104597
692.0,-0.04778379719156431
693.0,-0.16252759266919914
694.0,-0.10122521366723852
695.0,-0.20218701399478958
696.0,-0.12421137325871609
697.0,-0.02253236775485129
698.0,-0.09472367254822758
699.0,0.6334343504459076
700.0,0.10165832007354408
701.0,-0.23898621362933814
702.0,-0.06419326002659165
703.0,-0.22729675377457514
704.0,0.0028217587922301224
705.0,0.11477191508606699
706.0,-0.19082443673172655
707.0,0.1888527688752087
708.0,-0.10584483074839374
709.0,-0.18363437293283347
710.0,-0.0268867077585129
711.0,0.35521969746100623
712.0,-0.2271704468017091
713.0,0.9238254658624412
714.0,0.15176699405860336
715.0,0.4475440964842452
716.0,0.18305484359503485
717.0,-0.0379005315011908
718.0,0.2401755748048898
719.0,-0.027706409071947657
720.0,-0.07976163957146745
721.0,-0.20625030263326222
722.0,-0.039345566270084176
723.0,0.02681259775987263
724.0,-0.09084401027387251
725.0,0.4510142835176809
726.0,0.17249622085887723
727.0,-0.13031967947013437
728.0,-0.09251958984694347
729.0,-0.13617504023733196
730.0,-0.2157295601987107
731.0,-0.055390766743709685
732.0,0.03451114271948574
733.0,-0.24567895684665694
734.0,-0.2266807441994123
735.0,0.13048119975392541
736.0,0.0792970911370291
737.0,-0.18770516811051952
738.0,-0.1843267418314733
739.0,0.23014791217826597
740.0,-0.1936637303365772
741.0,-0.210486060729692
742.0,0.27990792428717853
743.0,-0.11771329243533221
744.0,-0.03477874532713743
745.0,-0.10799828762603167
746.0,0.11533331369045563
747.0,0.22568479500049232
748.0,0.3239414376345152
749.0,-0.20662346066617548
750.0,-0.22554563053224527
751.0,0.14871339256501964
752.0,-0.22651081532573222
753.0,-0.2188370790185183
754.0,0.5958649167074712
755.0,-0.22711619979660938
756.0,0.6999888454756444
757.0,0.15989369491168426
758.0,0.16652774285294153
759.0,0.38161992290316565
760.0,-0.11987441222576839
761.0,-0.06066851883639934
762.0,-0.1420128900765802
763.0,-0.13933379571713156
764.0,0.057561499916219505
765.0,0.054397892035257966
766.0,0.2612156475613436
767.0,-0.12623559508611434
768.0,-0.1678871236762361
769.0,-0.22554015771941915
770.0,0.043605072422459035
771.0,-0.20469805133100505
772.0,0.2900525095280393
773.0,-0.23828383019607458
774.0,0.18997602111636935
775.0,-0.1760253296460513
776.0,0.29635150692615303
777.0,-0.2627538819477712
778.0,-0.11084388381759444
779.0,-0.03140917961582568
780.0,0.19258482976393693
781.0,-0.17657730025079593
782.0,-0.2234671567681355
783.0,-0.23496501538686917
784.0,-0.24186506377951567
785.0,0.48207714908205346
786.0,-0.19069848952592325
787.0,0.4697210958132806
788.0,-0.15600210756415553
789.0,0.012036606801371141
790.0,-0.08425660395188578
791.0,-0.15575263506978085
792.0,-0.10885993144784215
793.0,-0.2512929716392428
794.0,-0.20108890315685413
795.0,-0.12667471077087608
796.0,0.2113079622049271
797.0,0.07686904264288003
798.0,-0.07674860080415236
799.0,-0.18781742969234613
800.0,-0.25889369747060675
801.0,0.1202191924818789
802.0,0.6730623160268574
803.0,0.3371822106798813
804.0,0.02153501749698361
805.0,0.04533269043226351
806.0,-0.04067339301556966
807.0,-0.016151691500518484
808.0,0.1362908404220745
809.0,-0.0768816417496147
810.0,-0.048883066219864435
811.0,-0.23787844247128814
812.0,-0.23121613862139323
813.0,-0.24778310082945415
814.0,-0.08658345754120086
815.0,0.22302066088871952
816.0,-0.030086696645312938
817.0,0.144465054610674
818.0,0.6191313550698558
819.0,-0.17863060824835364
820.0,0.06432962007779047
821.0,-0.16059876367680545
822.0,-0.2546932938135003
823.0,0.12222510688533617
824.0,-0.2346941308469769
825.0,0.22053740454349924
826.0,-0.046832342413133554
827.0,-0.11181216670831862
828.0,0.2323987974946839
829.0,0.7659325068911621
830.0,-0.1772028533915047
831.0,0.12513112425390333
832.0,-0.2244931121987619
833.0,0.19292774881556096
834.0,0.5375288053804644
835.0,-0.03823196244972199
836.0,0.003369957393184797
837.0,-0.09826651535442235
838.0,0.06070571222960469
839.0,-0.11510020346104827
840.0,-0.050545615670698874
841.0,-0.09423581295615152
842.0,0.08987461860109075
843.0,-0.1382621820231355
844.0,-0.23545827440465297
845.0,0.2637035416754817
846.0,0.037765951944703835
847.0,-0.12069520099900924
848.0,-0.3046344910232826
849.0,0.04767888138212384
850.0,0.1985588776483983
851.0,0.6230403843148619
852.0,0.12413182604400963
853.0,0.284860069467016
854.0,-0.12410173243082318
855.0,0.3440973414274445
856.0,-0.07035380348652115
857.0,-0.19748234620279578
858.0,0.23900006358600567
859.0,0.4879385319865566
860.0,0.6121518014806483
861.0,-0.3078981940999476
862.0,0.3579097997972552
863.0,0.4611557811505878
864.0,-0.028294911481020202
865.0,0.2683654642669948
866.0,-0.30024075183892046
867.0,0.7700430833778562
868.0,-0.22089671380571474
869.0,0.09993580082939146
870.0,-0.034080285316470504
871.0,-0.13789415775229583
872.0,0.11934354196067981
873.0,-0.24596729108196091
874.0,0.6184831459580096
875.0,0.5161565128160386
876.0,0.06581745437449393
877.0,-0.2666016696649751
878.0,0.04351211369619923
879.0,0.3464942787441746
880.0,-0.0918381188571229
881.0,-0.12415688659536739
882.0,-0.06993227974363911
883.0,0.09027760535820195
884.0,-0.27336639820766306
885.0,-0.019812834368429455
886.0,-0.15087734527175567
887.0,-0.3187160960464817
888.0,-0.2700642253913563
889.0,0.09662329895739291
890.0,0.11996004955491474
891.0,0.015294319348815144
892.0,0.21796271964224834
893.0,0.4891761645381003
894.0,0.19790432629981985
895.0,0.26111622561128467
896.0,0.5110624459154143
897.0,-0.0609755532911761
898.0,-0.0530218697670905
899.0,0.6058085064108594
900.0,0.11379251317408151
901.0,-0.16943129678498448
902.0,-0.0631140411941517
903.0,-0.3110376090759156
904.0,-0.19874980174113302
905.0,-0.12679554549318098
906.0,0.18509633671329961
907.0,0.15889589635798884
908.0,-0.2120945675541917
909.0,0.30272769941058025
910.0,-0.15666110432535055
911.0,-0.06944084077689294
912.0,-0.2993104480003809
913.0,-0.1049574116988975
914.0,-0.21246477810434697
915.0,0.18552675558324988
916.0,0.27717852254136177
917.0,-0.3096902961822602
918.0,-0.19189933932410602
919.0,0.7388081719728872
920.0,0.5292601683909919
921.0,-0.16112924961195804
922.0,-0.2659816475691598
923.0,0.46690837384119355
924.0,-0.05611258761429838
925.0,-0.15966382497310738
926.0,-0.1533266769093279
927.0,0.3854610569923161
928.0,0.17212470148920334
929.0,-0.23547126871146254
930.0,0.2767001592424863
931.0,-0.29837925295521883
932.0,0.04652039557634913
933.0,0.24281820847473734
934.0,-0.2569079668580915
935.0,-0.26306521217168966
936.0,0.3015469381027639
937.0,-0.1213799182139915
938.0,-0.1665157749421723
939.0,0.13257776686869777
940.0,-0.19687178871545016
941.0,-0.2843528754906368
942.0,0.2349078659777844
943.0,0.24764068836866626
944.0,0.16105575399361727
945.0,0.010005192633038285
946.0,0.4042387241756289
947.0,-0.14585178486995573
948.0,0.0431334625376843
949.0,0.02991144950377106
950.0,-0.27892396168449973
951.0,-0.20202908249668072
952.0,-0.14438780021482228
953.0,-0.22102833566784796
954.0,0.16001157065667265
955.0,0.33681265268767874
956.0,0.6361218373054919
957.0,0.15005900436952474
958.0,-0.1409224295921867
959.0,-0.2376686507333559
960.0,-0.07517057037375802
961.0,-0.13977336159597492
962.0,-0.198667906228743
963.0,-0.2287393844533398
964.0,-0.2672558864989049
965.0,0.0497726242006844
966.0,-0.2223769828875699
967.0,-0.13087990587553366
968.0,0.11455586000351359
969.0,-0.09807210564569993
970.0,0.1903020358524331
971.0,-0.014462271992713327
972.0,-0.15650207601449773
973.0,0.10567995266846841
974.0,-0.12069546621837168
975.0,-0.21051973409171876
976.0,-0.28182825116200055
977.0,-0.23368391050974985
978.0,-0.21955359523283674
979.0,0.1320097140350972
980.0,-0.05557594538925198
981.0,0.20790947348583122
982.0,-0.2760641083991926
983.0,0.43444347384845244
984.0,-0.06958877567985178
985.0,0.10918698749087957
986.0,-0.31081215754110614
987.0,0.14431951718297675
988.0,-0.30302667718288573
989.0,-0.11804700356335535
990.0,0.47038800895255467
991.0,-0.21056501374665554
992.0,-0.09492216353520616
993.0,0.11592833281392567
994.0,-0.27536724789275724
995.0,0.4915218141570363
996.0,0.04433975249825056
997.0,0.3095632927532095
998.0,-0.0029054207643262053
999.0,0.3069091560589226
1000.0,0.31113969080248294
1001.0,0.15062910097566912
1002.0,-0.10343606712282372
1003.0,-0.3147755224889996
1004.0,0.14149636296859963
1005.0,-0.04343369113956408
1006.0,-0.3111623508191428
1007.0,0.5097595164093796
1008.0,0.3025752151984333
1009.0,-0.04301966348298436
1010.0,0.2774162570805747
1011.0,0.5929748583509675
1012.0,-0.1992649242592803
1013.0,-0.30958781185446355
1014.0,-0.08795715872275345
1015.0,0.1008365683630848
1016.0,-0.17873260847708963
1017.0,-0.17673102290849457
1018.0,-0.3061963129210872
1019.0,0.019184012563516595
1020.0,-0.2763979860543651
1021.0,0.031956524848299916
1022.0,-0.05052191021654545
1023.0,-0.16933839678344537
1024.0,-0.28689676252735496
1025.0,0.32975952424481053
1026.0,-0.2676733232124151
1027.0,0.07728465453779049
1028.0,0.12957829115284542
1029.0,-0.07788424294515278
1030.0,-0.24689406663426622
1031.0,0.42830784459787047
1032.0,-0.18891047492269597
1033.0,-0.28105435345367435
1034.0,-0.22066461449106473
1035.0,0.25645728922351346
1036.0,-0.08358140359490018
1037.0,0.042831991379439105
1038.0,-0.19686949120243302
1039.0,-0.322747190563077
1040.0,-0.11801634685390322
1041.0,0.3979211225757809
1042.0,0.03259357872971713
1043.0,0.1667809132060436
1044.0,0.09783094320421293
1045.0,0.6774672829227879
1046.0,0.5496165153148092
1047.0,0.09080366231833975
1048.0,0.15854766038865253
1049.0,-0.25751316922119316
1050.0,0.1578790648656912
1051.0,-0.1375372752831492
1052.0,-0.36124159600225497
1053.0,0.7287044501693687
1054.0,0.014377612516696614
1055.0,-0.1915559099145824
1056.0,-0.2961771211456199
1057.0,0.05414441393551267
1058.0,0.6451368310421599
1059.0,0.1611357873443761
1060.0,-0.19196159776917032
1061.0,-0.04633601463668402
1062.0,0.6210365166899625
1063.0,-0.1389347876801279
1064.0,-0.2557394310850364
1065.0,-0.07342035918855994
1066.0,-0.321774263844818
1067.0,0.14507454217723714
1068.0,-0.21412525297192736
1069.0,0.2765792709278513
1070.0,0.14006064895614634
1071.0,-0.2903370523225308
1072.0,-0.08740192155117515
1073.0,-0.1731854196163231
1074.0,-0.10195257006906905
1075.0,-0.30676801092199774
1076.0,-0.2817805967176675
1077.0,-0.37140151000083677
1078.0,0.14395802324898382
1079.0,0.7368419703296294
1080.0,0.18422180463469767
1081.0,0.12573756828909854
1082.0,-0.35030142402698744
1083.0,0.8028284530097949
1084.0,1.4641133051819768
1085.0,0.5733018330197148
1086.0,0.6876571938981788
1087.0,-0.009237345960508958
1088.0,-0.3674986140875096
1089.0,0.0993102250053326
1090.0,-0.020382674130881795
1091.0,0.21698669113394736
1092.0,0.41080035858608693
1093.0,-0.05551240970409499
1094.0,-0.1528815555191252
1095.0,-0.10835386366451438
1096.0,-0.040254089814481975
1097.0,0.20398428768328114
1098.0,1.044029951872627
1099.0,-0.11049828123340605
1100.0,-0.1872767868071398
1101.0,-0.3302922176608951
1102.0,0.031324835109327875
1103.0,1.432927721659294
1104.0,0.5483564141485362
1105.0,0.7274310309413906
1106.0,-0.11907721435540852
1107.0,0.041729063381406584
1108.0,0.1617472717700682
1109.0,0.6997859264152276
1110.0,0.8931288128409679
1111.0,-0.0862562822928632
1112.0,-0.38820125825748547
1113.0,0.09787139184294863
1114.0,-0.3449359080058525
1115.0,-0.01789749063522622
1116.0,0.10882349341226916
1117.0,0.6247787337861517
1118.0,1.7070963619460433
1119.0,1.284005858246803
1120.0,0.4121366225332871
1121.0,0.2305502860849074
1122.0,0.6046008787793423
1123.0,0.009531454131013084
1124.0,-0.2519257610695444
1125.0,-0.17915619611807881
1126.0,0.0008177006437797285
1127.0,0.3888519644885725
1128.0,-0.05637601113275781
1129.0,0.39481876834551927
1130.0,-0.1699652444069206
1131.0,0.45496644677136955
1132.0,0.776646333457178
1133.0,-0.04108432507494841
1134.0,-0.18411238230603424
1135.0,-0.35805513240255626
1136.0,-0.37288208963127367
1137.0,0.5229621343496276
1138.0,0.6692947982909787
1139.0,-0.06791774422695263
1140.0,-0.32892299033499967
1141.0,-0.3792697588727476
1142.0,-0.0991216885513605
1143.0,-0.05138386014072016
1144.0,0.04945039625008252
1145.0,-0.27546158909520757
1146.0,-0.22002751799940093
1147.0,0.23469773605093425
1148.0,0.06368190632465093
1149.0,-0.39983121023479323
1150.0,-0.2538518657087613
1151.0,0.3850307631668422
1152.0,-0.18222397350655925
1153.0,-0.20272347598019191
1154.0,0.12166197302945098
1155.0,0.5462881014115138
1156.0,-0.3384410542125925
1157.0,-0.13768725990854586
1158.0,-0.37442845885508413
1159.0,0.3362700976536416
1160.0,0.6407171323913751
1161.0,0.4736193515478279
1162.0,0.11246047002335591
1163.0,0.3522616044571492
1164.0,-0.3204386917760617
1165.0,-0.2917479227570936
1166.0,-0.37984695376867733
1167.0,-0.40884929676179677
1168.0,-0.1938873647096392
1169.0,-0.38257169672391944
1170.0,-0.33616974073999806
1171.0,-0.03792438567248402
1172.0,-0.15239926822796818
1173.0,-0.2870898895061994
1174.0,0.18611158359671737
1175.0,-0.3232230178835082
1176.0,0.6726013957261546
1177.0,0.2630711291478326
1178.0,-0.09294980003009601
1179.0,-0.25425985970005677
1180.0,0.254767904706422
1181.0,-0.03675265947452955
1182.0,-0.4058933819912548
1183.0,0.8866656786273202
1184.0,-0.12672873253680217
1185.0,-0.33687777924170703
1186.0,-0.19852351411192504
1187.0,0.09851161867863284
1188.0,0.8727722837759666
1189.0,0.21279176491370716
1190.0,-0.26324865232432954
1191.0,-0.2931329839378506
1192.0,-0.058468298214037706
1193.0,-0.4159200782881481
1194.0,-0.2973129376961539
1195.0,0.7697155371389316
1196.0,0.48975800398036673
1197.0,0.2807851155383439
1198.0,-0.33974614744560755
1199.0,-0.13703789818161338
1200.0,-0.43516748111691994
1201.0,-0.2588740350763125
1202.0,0.0897895671516784
1203.0,0.10264082538550406
1204.0,-0.43969898566055104
1205.0,-0.0691155904547156
1206.0,-0.22393455191841743
1207.0,0.1732986484661871
1208.0,0.20857224830988452
1209.0,0.34709357242235295
1210.0,0.45012359197367874
1211.0,0.3998445478769489
1212.0,0.009339485342088116
1213.0,-0.4267537706714163
1214.0,0.2727308507302339
1215.0,0.5496799982818263
1216.0,0.19559559104641117
1217.0,0.768967710074782
1218.0,0.7588397784348979
1219.0,-0.09311887206125913
1220.0,-0.28612997225151815
1221.0,0.2272684084708696
1222.0,0.8142406303421639
1223.0,0.22978431937321175
1224.0,1.1834735026228915
1225.0,1.2697396130301597
1226.0,2.001246194212883
1227.0,0.26470562046387086
1228.0,0.15111408745391336
1229.0,-0.2790999972979623
1230.0,-0.39959725477520686
1231.0,-0.4175607576484683
1232.0,0.6110404651632766
1233.0,1.4062653975534867
1234.0,1.6165629070772622
1235.0,1.6477973725592658
1236.0,2.5021471274167624
1237.0,3.2008650516342954
1238.0,1.3721539752319856
1239.0,1.1759439353220456
1240.0,0.19644361669296012
1241.0,0.33387104484908336
1242.0,1.8638132673242525
1243.0,2.1039521725190156
1244.0,1.3239009703041482
1245.0,0.770839277735538
1246.0,-0.26465235600881715
1247.0,-0.29143807256568144
1248.0,0.30480926633428884
1249.0,-0.15161017404704802
1250.0,-0.47134224837365074
1251.0,-0.44285055961172193
1252.0,0.5184887055171674
1253.0,-0.33379710127237916
1254.0,-0.31967687723261545
1255.0,-0.15490173390386702
1256.0,-0.3724847318800437
1257.0,-0.30518444480686374
1258.0,0.002421540640501596
1259.0,0.4350374107946996
1260.0,2.959156059724037
1261.0,0.7363893357654508
1262.0,0.8624659347372967
1263.0,1.6592206235751803
1264.0,0.8977725067459491
1265.0,0.027351853723788677
1266.0,-0.22806478289828458
1267.0,-0.5123370980844058
1268.0,-0.41134842330917987
1269.0,0.2484309819535927
1270.0,0.040660417692577666
1271.0,-0.5344428221382207
1272.0,0.32964875922234116
1273.0,0.051302921577356164
1274.0,-0.21744630404627535
1275.0,-0.30611952310947255
1276.0,-0.1767717531896973
1277.0,-0.14209194308583906
1278.0,-0.4642093700417987
1279.0,-0.4777022104755366
1280.0,-0.32729029217886374
1281.0,-0.20060786590376922
1282.0,0.708049201029917
1283.0,0.4888916667662958
1284.0,0.45354134796142664
1285.0,0.6570404421196087
1286.0,0.23273845091568113
1287.0,0.16978963357767773
1288.0,-0.034371440234751915
1289.0,0.030873576471763586
1290.0,-0.5118369138272467
1291.0,0.6933661955346133
1292.0,-0.4119879587708276
1293.0,-0.10613983555917994
1294.0,-0.25464045542863273
1295.0,0.03842746693186416
1296.0,-0.11790091676666653
1297.0,-0.2853001282373007
1298.0,-0.28921998373102664
1299.0,-0.47371991166062466
1300.0,-0.5493985037234803
1301.0,0.35309477450405136
1302.0,-0.16250851907033725
1303.0,-0.052662069985814464
1304.0,0.31848429994700533
1305.0,-0.11356794388775066
1306.0,0.5316832362796986
1307.0,0.12298039460683197
1308.0,-0.09162443958960659
1309.0,0.4085831039521244
1310.0,1.7656116619610918
1311.0,2.767950392835594
1312.0,4.990314053976878
1313.0,4.938547493739075
1314.0,3.6236376029607977
1315.0,1.5353836345594272
1316.0,0.3952020967830888
1317.0,-0.5668200997899265
1318.0,-0.22035925060061046
1319.0,-0.15290214383118744
1320.0,0.49619264617267045
1321.0,0.36603218975903806
1322.0,-0.013198179731738646
1323.0,-0.4032254270947171
1324.0,-0.05461679493998395
1325.0,1.0023099457387117
1326.0,1.8982903432928047
1327.0,0.8930914399539364
1328.0,0.30743751062563673
1329.0,0.0865594900702612
1330.0,-0.42667674189973537
1331.0,0.5821242686600474
1332.0,-0.1699017162526567
1333.0,0.604916654963925
1334.0,-0.015409267247436076
1335.0,-0.45233910055866505
1336.0,0.23013383869947057
1337.0,-0.409007309937796
1338.0,-0.5645975048212258
1339.0,-0.5884454689290849
1340.0,-0.15980131379737422
1341.0,0.29257604690613415
1342.0,-0.17343390286905602
1343.0,-0.3399256741016549
1344.0,-0.0611493805333615
1345.0,0.09139067980598914
1346.0,-0.3286803941104015
1347.0,-0.32538760698986974
1348.0,-0.36818421034183446
1349.0,0.07480203163754129
1350.0,0.4323660971840403
1351.0,0.8112546272689396
1352.0,0.9122927002912573
1353.0,1.051715259873945
1354.0,1.009969088954564
1355.0,1.343881068405456
1356.0,0.5354862969213227
1357.0,0.7717389833864639
1358.0,0.4609860692097896
1359.0,0.9755391056411522
1360.0,0.6001243196196435
1361.0,-0.4752147129919525
1362.0,-0.37306485247440124
1363.0,-0.57758882918769
1364.0,-0.5543773798727076
1365.0,-0.07447076910354156
1366.0,-0.4069433147212058
1367.0,-0.1385199696013809
1368.0,0.05417039272304469
1369.0,-0.6221277051060075
1370.0,0.2754534498404808
1371.0,-0.28529586772777255
1372.0,-0.224595782214784
1373.0,1.2767000812283964
1374.0,0.9542943343588463
1375.0,-0.09470671092426808
1376.0,-0.023171531370127507
1377.0,-0.32255465861830507
1378.0,-0.4922539395807256
1379.0,-0.028892456015643386
1380.0,0.410006767108517
1381.0,0.5256513345594741
1382.0,-0.30111372611765297
1383.0,-0.2939823094564108
1384.0,-0.133636589452659
1385.0,0.2904515111663948
1386.0,0.0665070464449301
1387.0,-0.08337072097155873
1388.0,-0.6420036121134262
1389.0,-0.38076019839837727
1390.0,-0.3545645992129284
1391.0,-0.47893713176983443
1392.0,-0.08405922692213619
1393.0,0.35972749032208173
1394.0,0.191586108807843
1395.0,1.2856888602260723
1396.0,0.9334706012370633
1397.0,2.4039499405014233
1398.0,3.3669517173138086
1399.0,1.0254951169401476
1400.0,0.8069584041348882
1401.0,1.4440226789265038
1402.0,2.7244055890206837
1403.0,3.267930750444749
1404.0,3.8852986994468703
1405.0,2.3527982457796317
1406.0,3.4012566429831574
1407.0,3.4912184044709322
1408.0,3.2562803290361253
1409.0,6.276214799387983
1410.0,3.524359081590081
1411.0,2.6303333517926206
1412.0,3.593414636286795
1413.0,1.7044463677277775
1414.0,1.4800287698111005
1415.0,0.2707992613315451
1416.0,0.6345084730761599
1417.0,0.8371823618582742
1418.0,0.6029933511473573
1419.0,-0.400139140758308
1420.0,-0.0289083355952775
1421.0,-0.23873045757778505
1422.0,0.24441334034151496
1423.0,-0.18493883338242167
1424.0,-0.6624179547400015
1425.0,-0.5666247396015471
1426.0,-0.6591206200581988
1427.0,0.054935963806528876
1428.0,0.4021050058473902
1429.0,-0.16309917133066298
1430.0,-0.4025731155505119
1431.0,-0.21722464573901645
1432.0,-0.6262064838394285
1433.0,-0.41642587337047693
1434.0,0.08217725209002891
1435.0,-0.6469288549250378
1436.0,-0.41844745105074743
1437.0,-0.3733730663427668
1438.0,0.1341958176452146
1439.0,-0.18765542278024738
1440.0,0.4518105229724947
1441.0,0.07176213067987092
1442.0,0.26553309620900245
1443.0,-0.35452979342593993
1444.0,
1445.0,
1446.0,
1447.0,
1448.0,
1449.0,
1450.0,
1451.0,
1452.0,
1453.0,
1454.0,
1455.0,
1456.0,
1457.0,
1458.0,
1459.0,
1460.0,
1461.0,
1462.0,
1463.0,
1464.0,
1465.0,
1466.0,
1467.0,
1468.0,
1469.0,
1470.0,
1471.0,
1472.0,
1473.0,
1474.0,
1475.0,
1476.0,
1477.0,
1478.0,
1479.0,
1480.0,
1481.0,
1482.0,
1483.0,
1484.0,
1485.0,
1486.0,
1487.0,
1488.0,
1489.0,
1490.0,
1491.0,
1492.0,
1493.0,
1494.0,
1495.0,
1496.0,
1497.0,
1498.0,
1499.0,
