Time,residuals
0.0,0.28086482443345273
1.0,0.5277973836018847
2.0,-0.07935767774963706
3.0,-0.046182404840334174
4.0,-0.10528025489054862
5.0,-0.008096374710205662
6.0,0.09177140521003391
7.0,0.17457985238007118
8.0,-0.12552588596140574
9.0,-0.027612463226800554
10.0,-0.019748286846676538
11.0,0.07801896298489003
12.0,0.4987693531786259
13.0,0.4910401824723378
14.0,-0.12174779736833068
15.0,-0.0020855005801173887
16.0,0.18012870059672084
17.0,0.24106382613865618
18.0,-0.06090252883816333
19.0,-0.07932195396727182
20.0,-0.12162377144283684
21.0,-0.12971787959722003
22.0,-0.1191158562021636
23.0,-0.08864314610472934
24.0,-0.08733883258581518
25.0,-0.0005015109037094234
26.0,-0.00276963580821063
27.0,-0.1335854163495419
28.0,-0.12470252993917079
29.0,0.4973167733139743
30.0,-0.07884516996974122
31.0,-0.004168953518412483
32.0,0.1629269132597474
33.0,0.003246889997274044
34.0,0.06011755454729922
35.0,-0.02117352287337243
36.0,-0.05093212611833128
37.0,-0.06282246076071807
38.0,0.2717051777136224
39.0,0.0723414575258294
40.0,-0.0707182640765874
41.0,-0.07050496832214243
42.0,-0.09207779506847893
43.0,0.03979600587288784
44.0,0.2864883437481427
45.0,-0.09536269171002415
46.0,-0.1186054030821654
47.0,-0.04749558140578655
48.0,-0.1054876950133142
49.0,-0.07907362377102714
50.0,0.020026372121464242
51.0,-0.0658040352328998
52.0,-0.09472303643267138
53.0,0.020129399760552558
54.0,-0.08580818357232636
55.0,-0.09981776054301333
56.0,0.1380028572813141
57.0,0.3074416965294616
58.0,-0.10522907631247339
59.0,-0.10477906793116817
60.0,0.5230525564324099
61.0,-0.09277306623495443
62.0,-0.08044526196949464
63.0,-0.009682561999789119
64.0,0.27116800762739
65.0,-0.09099290284912218
66.0,0.05311143534869425
67.0,0.17415577594235127
68.0,-0.10062011266520701
69.0,-0.11961544364717211
70.0,-0.016765630379951713
71.0,0.09499979635905398
72.0,-0.06980326311799578
73.0,0.02645797108861328
74.0,-0.04593835802214094
75.0,0.3158741030542528
76.0,0.17296405951671157
77.0,0.634309754685464
78.0,-0.1309397040079946
79.0,0.026621108789638803
80.0,0.0029351842764869795
81.0,0.0001237591467517507
82.0,0.0777649836000874
83.0,0.46454262383555517
84.0,-0.09991050754324102
85.0,0.10357932064258094
86.0,0.3087519643113838
87.0,0.5306889465721435
88.0,0.007177976828013494
89.0,0.07045294461086016
90.0,-0.004243551664130624
91.0,-0.1327502726884599
92.0,-0.034377600703517947
93.0,-0.10863343096071049
94.0,0.4310370240067174
95.0,-0.06250654536182981
96.0,0.16269686829985824
97.0,0.45907302326774835
98.0,0.007554816299023104
99.0,-0.11825808722293246
100.0,-0.05570378062930745
101.0,-0.11243763758049963
102.0,0.1621193757944507
103.0,-0.020437487962233852
104.0,-0.12042628660910931
105.0,-0.039149966645152995
106.0,-0.10480278827706202
107.0,-0.051004890772983896
108.0,-0.023742802382319184
109.0,0.2620966701816003
110.0,0.30944512118761186
111.0,-0.1329940235505444
112.0,-0.09744316732366204
113.0,0.07830973092721497
114.0,0.014087044829567075
115.0,0.24670007938454533
116.0,0.14050711357977702
117.0,0.2685103303165082
118.0,-0.14716675285667719
119.0,-0.01032201160584531
120.0,0.07373426016157647
121.0,-0.09639143506507783
122.0,-0.12261988012544167
123.0,0.0037393322365907866
124.0,-0.121819630828781
125.0,-0.07287912869147639
126.0,-0.12441749616025238
127.0,-0.06774176057925291
128.0,0.14033865823808517
129.0,0.2695771631679857
130.0,-0.07406946069542203
131.0,-0.02041800922003037
132.0,0.12719465474457625
133.0,-0.10770578870742095
134.0,-0.060589090144417795
135.0,0.23774776769198547
136.0,0.11522898562801409
137.0,0.39734118806712504
138.0,-0.14397075516465108
139.0,-0.10495622632617968
140.0,-0.06211708252762743
141.0,-0.06430620364508446
142.0,0.09432961218720864
143.0,-0.1096206896283542
144.0,-0.0483843889327073
145.0,-0.1308308118972541
146.0,-0.03470649796576014
147.0,-0.11130974212665792
148.0,-0.04838383410090202
149.0,-0.027162127669251468
150.0,0.3942898429494897
151.0,-0.14386274699032986
152.0,-0.06771524941970603
153.0,-0.14577118981700055
154.0,0.010987074625640914
155.0,0.015038846733945732
156.0,0.0815393240905799
157.0,0.37242531591637507
158.0,-0.13660716717955765
159.0,-0.0833742924271545
160.0,0.06062464317371857
161.0,-0.003234377694765256
162.0,0.5603639621969485
163.0,-0.14918256330849447
164.0,-0.055800428489094306
165.0,-0.12035009370754385
166.0,0.2238957559865331
167.0,-0.15160794397847144
168.0,0.22726807235500945
169.0,0.12546417746958588
170.0,-0.12284093122906309
171.0,0.004027404251698841
172.0,0.21346881515519012
173.0,0.3722028963953765
174.0,0.14985488984741474
175.0,-0.11374007952414417
176.0,0.3515005688002097
177.0,-0.1420415635821291
178.0,0.020039306954301506
179.0,-0.05642975473345843
180.0,0.07546541464293666
181.0,-0.018976128477062204
182.0,0.210067368389306
183.0,-0.10798273989284932
184.0,0.023707215554245376
185.0,-0.06691440609500832
186.0,0.4068473318012026
187.0,-0.038030278650535654
188.0,-0.021747061240544707
189.0,0.16583418588207616
190.0,-0.12020230626600428
191.0,-0.01935642852573316
192.0,0.02032169184610566
193.0,0.0032250321280932748
194.0,-0.05306283716040408
195.0,-0.12721849962225099
196.0,-0.13033484916929589
197.0,-0.06302436790384094
198.0,-0.1162850342123122
199.0,0.09520362098427498
200.0,-0.14975205892826965
201.0,0.02893498004649031
202.0,0.1512558228216337
203.0,0.20669804313703338
204.0,0.08763598371419784
205.0,-0.1439436830359668
206.0,-0.09043718275883414
207.0,-0.11458320771898212
208.0,0.2860781928167602
209.0,-0.13069269331252797
210.0,-0.10879656225153045
211.0,-0.016966946717805437
212.0,0.22278984452656442
213.0,-0.1350789105874183
214.0,-0.1027721347880114
215.0,-0.04049414821386263
216.0,0.6100054772099667
217.0,0.005122647425523874
218.0,0.554331297232108
219.0,-0.10262535922976246
220.0,-0.04523337078360848
221.0,0.17957180126309807
222.0,-0.016548152882897904
223.0,0.18207232712532345
224.0,-0.013217363077971528
225.0,-0.12643717073910976
226.0,-0.04662482634424828
227.0,0.1106063720737015
228.0,0.10003614809728623
229.0,-0.150290157245572
230.0,-0.015464254172980557
231.0,-0.05714029171119042
232.0,0.14400093989879525
233.0,-0.005746486638775028
234.0,0.2183256870266148
235.0,-0.14228232567864763
236.0,-0.1404681731370226
237.0,0.03548854652007616
238.0,0.02165776849514789
239.0,0.03923149223543915
240.0,0.20777399469013874
241.0,-0.1004307595771822
242.0,0.08746486473038328
243.0,0.15551947259977755
244.0,-0.02841831520025953
245.0,0.15725223535048122
246.0,0.14686755045192706
247.0,-0.04149823876451397
248.0,0.17669007047533042
249.0,-0.11735757334526614
250.0,-0.051401830486200784
251.0,0.17314802330360013
252.0,0.02383515661540747
253.0,-0.13535892976912872
254.0,-0.13587129555513405
255.0,-0.1297912011737868
256.0,-0.05267202684516545
257.0,-0.08075526400045699
258.0,0.1980102375541743
259.0,-0.10833310382904351
260.0,0.017704646423555237
261.0,0.296851954239613
262.0,-0.13474663203271295
263.0,-0.12603478023470427
264.0,0.07597021440460971
265.0,0.18273924638891687
266.0,-0.1444961931812112
267.0,-0.13321367573725154
268.0,-0.057447448516813965
269.0,-0.0036292059561757184
270.0,0.2341530642188932
271.0,-0.13592768095948296
272.0,0.27207989669018856
273.0,-0.11521116985718904
274.0,-0.0266894976337958
275.0,0.0537038228337835
276.0,0.1284052608394694
277.0,-0.11709198561706924
278.0,-0.0934156204923842
279.0,0.08969283822782764
280.0,0.23487752699375675
281.0,-0.14667332552698997
282.0,-0.09619873768267126
283.0,0.17245172808009362
284.0,-0.12913737764589278
285.0,-0.036853398049498526
286.0,0.0464914346569108
287.0,-0.0790890054864658
288.0,-0.05408061482766602
289.0,-0.15817618712929327
290.0,0.18807343093433904
291.0,0.10690000744237782
292.0,-0.06617698702156571
293.0,0.04274530478017147
294.0,-0.14787624089952223
295.0,-0.08007945160325816
296.0,-0.13165377152780494
297.0,0.019535924832266016
298.0,-0.10799723709173623
299.0,-0.04758465965123512
300.0,-0.04659920133764894
301.0,0.0133024798787027
302.0,-0.15479018907327394
303.0,-0.1275070388712639
304.0,0.49837150848496853
305.0,-0.1657337362740951
306.0,-0.09127615475078815
307.0,-0.13086690990281794
308.0,0.05451033732964761
309.0,0.17320807716632847
310.0,-0.007894750803264405
311.0,-0.06753088274287622
312.0,-0.03470115389512732
313.0,0.10954632586910668
314.0,-0.010810142457241378
315.0,0.03519795152386479
316.0,-0.020248135256211164
317.0,-0.025738107274230815
318.0,-0.0341871515860627
319.0,-0.00826505379061937
320.0,0.22615625854262306
321.0,0.5480916500069248
322.0,-0.08930685164782715
323.0,-0.1525748906450355
324.0,0.01675019749141532
325.0,0.13229998138697052
326.0,0.579695000489011
327.0,-0.060136332152969124
328.0,0.015465045966985558
329.0,0.2908208007970813
330.0,-0.11194291421065522
331.0,-0.04990239313158493
332.0,0.14537499667624193
333.0,-0.1616795982244053
334.0,0.28314431341380064
335.0,-0.13505405930809541
336.0,0.13315589144983953
337.0,-0.12056659039921741
338.0,0.008728770404968944
339.0,-0.137553328014831
340.0,-0.01691697228791056
341.0,-0.10566969963398087
342.0,-0.16410488668881063
343.0,0.1556639202552847
344.0,0.014005172514592767
345.0,0.1006364469513269
346.0,0.05497823592778678
347.0,0.1908778952204775
348.0,-0.1582429822501755
349.0,-0.1699476578319804
350.0,0.15181250365939003
351.0,-0.046235555907853054
352.0,0.20201938472330272
353.0,0.16021984937008615
354.0,0.41620148420817105
355.0,-0.08138812937366258
356.0,-0.09367976310262205
357.0,0.22470086631354308
358.0,0.05678358476143952
359.0,0.07844385682345817
360.0,0.34841364759242854
361.0,0.35771385117974747
362.0,-0.030294171282799348
363.0,0.16125363042730723
364.0,-0.02476584086896924
365.0,-0.019594001222845936
366.0,-0.004063305194391242
367.0,0.139218907286836
368.0,0.40184101031946345
369.0,-0.1336345407406396
370.0,0.11167868340126547
371.0,-0.08270322342894082
372.0,0.1671663851783518
373.0,0.6544494707273507
374.0,-0.006184816304308838
375.0,0.024194245173821904
376.0,0.6069216038048355
377.0,-0.16419671202577324
378.0,-0.04862327539107272
379.0,-0.06651304046938578
380.0,-0.10037913590922712
381.0,-0.13047430651670167
382.0,0.6856468096342541
383.0,-0.08843482207318312
384.0,0.08415398835191967
385.0,0.059682162777514314
386.0,-0.08183216622601078
387.0,-0.009734475711264623
388.0,0.01740553565493852
389.0,0.32050018782948725
390.0,-0.08219986673751753
391.0,-0.09761389349423119
392.0,-0.0022561097200859415
393.0,-0.03881806089396184
394.0,-0.0018528061939772633
395.0,0.0003497979051653166
396.0,-0.15945739634263567
397.0,0.2611594461882984
398.0,-0.11039849573332475
399.0,0.20744040615395487
400.0,0.4326581940560482
401.0,-0.023758937368486416
402.0,0.18105871514769584
403.0,-0.15552199332720087
404.0,-0.10085826525539252
405.0,-0.1675328305860509
406.0,-0.11711591077862357
407.0,0.2821168922908608
408.0,-0.0862489492691827
409.0,0.18038591088886802
410.0,0.33335534581443726
411.0,0.400898187896874
412.0,-0.16296999111540555
413.0,0.0876268206329342
414.0,-0.12549212678492574
415.0,-0.03915208570476306
416.0,0.3354576213772245
417.0,-0.12952853765811864
418.0,-0.03511858021826894
419.0,-0.1625322746865508
420.0,-0.030683989483551083
421.0,0.2283952518793631
422.0,-0.0637119324404053
423.0,-0.15582754370942203
424.0,-0.0446499754230876
425.0,0.385499688630313
426.0,-0.11360390178177779
427.0,-0.16091430556718223
428.0,0.1015810587435651
429.0,0.14589348711043582
430.0,0.08299630171329908
431.0,0.3881330551666761
432.0,-0.10654316770243452
433.0,0.04970730322497219
434.0,0.1624935319515488
435.0,0.08783857897003378
436.0,0.3770220659949389
437.0,-0.14036128536044318
438.0,-0.005586707614565478
439.0,0.0034164723333985902
440.0,-0.15723444164186204
441.0,-0.06157257222161322
442.0,-0.0935999095529638
443.0,-0.13781491697284975
444.0,-0.08259429795129086
445.0,-0.02621602101956752
446.0,0.04034157988378184
447.0,0.33885378986833253
448.0,-0.13340373693281207
449.0,-0.11717554438443689
450.0,-0.06634108692567695
451.0,-0.018272268061433672
452.0,0.19159943897742254
453.0,-0.12642385286305632
454.0,-0.09779588587679355
455.0,0.2893673212771831
456.0,0.18761596027258348
457.0,0.0853725920766959
458.0,-0.13395910958452484
459.0,-0.11203858836205072
460.0,-0.06507610523852225
461.0,0.07309720631764849
462.0,0.19865675060652094
463.0,0.18399680998388768
464.0,-0.04940772741120125
465.0,-0.13946930356437648
466.0,-0.11901728871099101
467.0,-0.1112202837927912
468.0,-0.1138385904337696
469.0,0.16175244099173225
470.0,-0.13943293193916118
471.0,0.0851614580494246
472.0,0.3776340668681558
473.0,-0.08859716526404957
474.0,-0.10896583333266496
475.0,0.14852130029048166
476.0,-0.13937640752478675
477.0,-0.0014129267367719578
478.0,-0.02399007003390355
479.0,0.1061905102619688
480.0,-0.0811129360310574
481.0,-0.04397853592135209
482.0,0.11051232999694194
483.0,-0.07139645462816924
484.0,0.2216074022528295
485.0,0.5768002254379407
486.0,-0.043433579458336674
487.0,0.042486033464834455
488.0,-0.12103039329870516
489.0,-0.07089632821599273
490.0,0.01786332397953541
491.0,0.06642580091773082
492.0,0.08028168809452177
493.0,-0.13847239491537658
494.0,-0.03233572949535249
495.0,0.10542273192131157
496.0,-0.11038978659259444
497.0,-0.07574818410826181
498.0,-0.11568228385387905
499.0,-0.10027721902324746
500.0,-0.026189259242826335
501.0,-0.07986708936711764
502.0,0.08059565377221617
503.0,0.5729006677573011
504.0,0.024750054883279526
505.0,-0.04535465089566862
506.0,0.03482646285545826
507.0,0.3075883249089667
508.0,-0.12215718204430157
509.0,-0.047180616694031785
510.0,-0.04455982996093233
511.0,-0.03555238649155046
512.0,0.052150890904717
513.0,0.18558882768652704
514.0,0.14913111558727832
515.0,0.12180234718760508
516.0,-0.13122161963252046
517.0,-0.05258037863007392
518.0,-0.054907615051753816
519.0,-0.06640262175580183
520.0,-0.02430552019721821
521.0,0.16740528022303092
522.0,-0.11975415704108758
523.0,-0.11520167000409431
524.0,-0.07709663330401317
525.0,-0.05910889448630552
526.0,0.12027018902607972
527.0,-0.1395344605149788
528.0,0.007715720343687588
529.0,0.2349530563583156
530.0,-0.0985236329524447
531.0,0.308089569030123
532.0,-0.09761841202380386
533.0,-0.09349875456428763
534.0,-0.08360659442201421
535.0,-0.09925553164804737
536.0,-0.020942124971303933
537.0,0.3950004407943719
538.0,-0.04557456320852121
539.0,0.2669116143074233
540.0,-0.1306899717053099
541.0,-0.05629997133252462
542.0,0.1496717183616241
543.0,-0.0945116294277388
544.0,0.10820309871762451
545.0,-0.07329350855408448
546.0,-0.11504546422186607
547.0,-0.10252975165003653
548.0,-0.07381581144413787
549.0,-0.06671227628134677
550.0,-0.05573825972977506
551.0,0.06890233289794959
552.0,-0.09548241764977844
553.0,0.08125844970950633
554.0,-0.051344997416738564
555.0,-0.04084862742440837
556.0,-0.12224428857782405
557.0,0.16833870137175172
558.0,-0.14137682396936574
559.0,-0.010922580374816943
560.0,0.3511759356351696
561.0,-0.08342564025891008
562.0,-0.09829183861907972
563.0,-0.12419146726904677
564.0,-0.04544147833166923
565.0,-0.0921610321832918
566.0,0.3716110401493107
567.0,-0.0686596421149809
568.0,0.6050883084898797
569.0,0.01647309134000466
570.0,0.269535857301362
571.0,-0.11231952832180195
572.0,-0.018657050847742912
573.0,0.2767164692674445
574.0,-0.0655575240731815
575.0,-0.09827940281875747
576.0,-0.06259069003483403
577.0,0.0825140718202414
578.0,0.20830958265154242
579.0,-0.11913695932786719
580.0,0.0026967786530610605
581.0,0.2253102930401209
582.0,-0.11338293453756895
583.0,0.042060325518852
584.0,-0.06884824340867743
585.0,-0.10069038510691938
586.0,-0.014682988902825378
587.0,0.024101979261215628
588.0,-0.004657590551276375
589.0,-0.1257498364988367
590.0,-0.1429915081177403
591.0,-0.011526828396036026
592.0,-0.0008223725599673659
593.0,0.0427005231926218
594.0,-0.12436371424883452
595.0,0.01170844144225705
596.0,0.11977883774776626
597.0,0.49063577818756376
598.0,-0.1195179581411338
599.0,-0.10753856436914272
600.0,-0.0975133237019607
601.0,0.03297866879352501
602.0,0.42977489776706584
603.0,-0.014191988026006713
604.0,-0.024588676790077757
605.0,0.17002063717797225
606.0,0.24719793274589633
607.0,0.10560662698746201
608.0,-0.11053465421586364
609.0,-0.00045771548042475296
610.0,-0.09602740802817514
611.0,0.14794849381641892
612.0,0.3456326377167903
613.0,-0.0892695635216697
614.0,-0.1398018895570588
615.0,-0.10020696671903145
616.0,-0.12179263461446652
617.0,0.32182866732406024
618.0,0.3301644478860508
619.0,-0.06965507819712621
620.0,-0.0659054685865379
621.0,-0.1270746956202714
622.0,0.038694570922161664
623.0,-0.06313828326114956
624.0,0.30105601398238013
625.0,-0.05288204247416756
626.0,-0.013069724455289866
627.0,0.2478206271752193
628.0,-0.11260920728733184
629.0,-0.09728885826301814
630.0,0.23033667765961652
631.0,-0.03261489002614762
632.0,0.03918522418630266
633.0,0.0660366025094693
634.0,0.3047429814064183
635.0,-0.1459713937967107
636.0,-0.12334658170665933
637.0,-0.06625466532640381
638.0,0.18008880612406086
639.0,-0.129598724234198
640.0,0.01388251697246573
641.0,0.3763788430976952
642.0,-0.07858585526190834
643.0,0.1285746506683319
644.0,-0.0892772377243822
645.0,-0.03758603044784109
646.0,0.08960426264073884
647.0,0.012578864359107989
648.0,-0.1382056923660403
649.0,-0.09891781080914513
650.0,-0.15131720674104587
651.0,-0.014613805029946914
652.0,0.3230038507493583
653.0,0.2484298998044669
654.0,-0.08213000787403937
655.0,0.28282028207755633
656.0,-0.014984646514865474
657.0,0.3214250990806115
658.0,-0.057947936681261164
659.0,0.1587532941744429
660.0,-0.08160466138809949
661.0,-0.050013464469148367
662.0,0.05403414080929447
663.0,0.18183774698689203
664.0,0.19038828536687358
665.0,-0.10247651498141039
666.0,-0.04797792913091184
667.0,0.0034008575231101457
668.0,0.032660871808648295
669.0,-0.13196020947820963
670.0,-0.1380386467890785
671.0,-0.07375226088494244
672.0,-0.04384295636196878
673.0,0.33281552278076487
674.0,-0.08215188533582446
675.0,-0.15169828573515345
676.0,0.07782169704228897
677.0,-0.059543233567734
678.0,0.14623648934249078
679.0,-0.1252332575639013
680.0,-0.006495658578791863
681.0,0.2562994210309461
682.0,-0.09687871643698737
683.0,-0.09151873111283451
684.0,-0.14751175786357318
685.0,-0.0689972439496914
686.0,-0.007601231101592276
687.0,0.442581014223261
688.0,-0.12069528538171762
689.0,-0.079665210467807
690.0,0.09083398614755517
691.0,-0.08482968226338322
692.0,0.0012201604472841243
693.0,0.605596732798313
694.0,-0.06810975308852796
695.0,-0.10359130503153047
696.0,-0.06590215603210706
697.0,-0.07919490568168708
698.0,0.042148504165292255
699.0,0.32751942786316535
700.0,-0.07277567241524185
701.0,-0.06945820269772932
702.0,0.06770383487819609
703.0,-0.09446443907869634
704.0,-0.06612486075896923
705.0,0.272831468513461
706.0,-0.11912939873386633
707.0,-0.06190101759106842
708.0,0.16399549443434303
709.0,-0.1572544149037428
710.0,-0.024626180147781063
711.0,0.510456257732073
712.0,-0.05264706071224845
713.0,-0.08188536594070359
714.0,0.006450666727389809
715.0,-0.14503896872358427
716.0,-0.06878527839860757
717.0,0.14086474543545113
718.0,-0.16347821678420066
719.0,-0.13210893053773243
720.0,-0.14110997443841175
721.0,-0.0989234421794283
722.0,0.31476262416879125
723.0,-0.14751316757373217
724.0,0.06396649477197885
725.0,-0.06596119584320129
726.0,0.10656621871804767
727.0,-0.12270101055345989
728.0,0.21840042970317802
729.0,0.2056522827690097
730.0,0.3556137794242055
731.0,-0.09588710585643309
732.0,0.08610677916936305
733.0,-0.15888951085103603
734.0,0.1067400573938419
735.0,-0.15093072853990835
736.0,-0.08033220436539834
737.0,-0.015100370719702327
738.0,-0.006879699228148073
739.0,0.040712021467921855
740.0,-0.134862444234175
741.0,0.023708906001553398
742.0,-0.07494988882641188
743.0,0.10891916911266197
744.0,-0.10072552650204225
745.0,0.11154573581525273
746.0,-0.164017400423756
747.0,-0.020379824403146396
748.0,0.19898600587156934
749.0,0.3588064665849789
750.0,-0.1139669368397696
751.0,0.32071586620517856
752.0,-0.12484776788390706
753.0,0.04071539607731023
754.0,-0.09882476582746161
755.0,0.1932641864729634
756.0,-0.1051155254574907
757.0,0.46000224783481786
758.0,-0.12935121210796374
759.0,-0.09273631976139712
760.0,0.08313883246490678
761.0,0.5655631610899561
762.0,-0.03923641289670923
763.0,0.09281843122965538
764.0,0.408249992424216
765.0,-0.038406812392063505
766.0,0.27169044973925305
767.0,0.25272904272542773
768.0,0.5248499712664154
769.0,-0.04473492680897195
770.0,-0.14722690716284537
771.0,-0.06324682235051207
772.0,0.15065050128501506
773.0,-0.11349739038775641
774.0,0.3436146640940753
775.0,-0.08181043395064805
776.0,0.23183162890204706
777.0,-0.10516694541695382
778.0,0.03355912246823439
779.0,-0.1116136515021603
780.0,0.05103359502310684
781.0,0.1136230751548506
782.0,0.11987774267237622
783.0,0.0051379832083076615
784.0,-0.14352576208902362
785.0,-0.12345327361950181
786.0,-0.1212676959814091
787.0,-0.14555774606762023
788.0,-0.08774239846194923
789.0,-0.1431983392859155
790.0,0.0847116926334418
791.0,0.282473426535508
792.0,-0.14039173022340268
793.0,0.109185970872897
794.0,0.40889207339742784
795.0,-0.10813129291163573
796.0,0.03946914533035384
797.0,0.21931625517746095
798.0,-0.11795631614546129
799.0,0.27233911202426675
800.0,0.09107503260811539
801.0,-0.09781986862413963
802.0,0.20747997293438686
803.0,-0.07541204109673164
804.0,0.14474391515390683
805.0,0.4869908674574569
806.0,0.03234579556164979
807.0,-0.13262347239031683
808.0,-0.01835972315303308
809.0,0.2503487925934649
810.0,-0.07187609247394636
811.0,-0.03900254279511961
812.0,-0.10574378773975787
813.0,0.0005512124095429782
814.0,0.0932490397775585
815.0,0.2824799706256774
816.0,-0.10051946913591428
817.0,0.24116392398518904
818.0,-0.10224811353074223
819.0,-0.06390379506196706
820.0,0.18715533012482805
821.0,-0.16078751953430537
822.0,-0.03167609437925328
823.0,0.13330084394227443
824.0,-0.13638284306406123
825.0,-0.0489221582204418
826.0,0.1083363911550303
827.0,-0.16628067289133708
828.0,-0.13150601142896604
829.0,-0.05210788823355578
830.0,-0.11065711574731957
831.0,-0.12171211924122649
832.0,-0.057492346829790764
833.0,0.6185088377101866
834.0,-0.0913749797729067
835.0,-0.14712331967804576
836.0,0.09949681295499696
837.0,-0.17425567950386409
838.0,-0.10796314293128173
839.0,-0.003486765859853358
840.0,0.21577176406172693
841.0,-0.1564596499123816
842.0,-0.15175032736436395
843.0,0.0017937335579138458
844.0,0.2508729574691005
845.0,-0.1536428600278137
846.0,-0.12894230485170696
847.0,0.26971957068073227
848.0,-0.10553620385829998
849.0,-0.17440711054924413
850.0,-0.10547183623664369
851.0,0.3088613729274097
852.0,-0.10238905615468527
853.0,0.004505706406237375
854.0,-0.08251408092676168
855.0,-0.11166281547949414
856.0,-0.15396655187834074
857.0,0.2753201258508253
858.0,-0.08618788281778517
859.0,0.10131192503323921
860.0,-0.12422685286481217
861.0,0.0610787074986463
862.0,0.06323179735869733
863.0,-0.0717769393224188
864.0,0.2507961585577219
865.0,-0.09560249629113876
866.0,-0.00517596263520409
867.0,0.13573080100877916
868.0,0.24231269166727482
869.0,-0.042726285745144615
870.0,0.14461610207503428
871.0,0.19914070852333637
872.0,0.5462610403925509
873.0,-0.05170282763832185
874.0,-0.16766447687756875
875.0,-0.03151085320932656
876.0,0.41538928404528586
877.0,-0.13800192638608824
878.0,0.14439003717921112
879.0,0.2690696158543858
880.0,-0.1444922601166515
881.0,-0.16284523712745627
882.0,-0.09437408876221845
883.0,0.2099873349596073
884.0,-0.13595104771397998
885.0,-0.03940131284747386
886.0,0.18771899106117318
887.0,-0.09496646316927873
888.0,0.03858598092533416
889.0,0.28784844505493423
890.0,-0.1047434751066198
891.0,-0.15808655586413456
892.0,0.17024744756145094
893.0,-0.1739266843980798
894.0,-0.10356465268870188
895.0,0.08793342625379247
896.0,0.04769755275798143
897.0,0.06457727949025466
898.0,0.22431258911085283
899.0,0.5029791767557843
900.0,-0.1605791894307369
901.0,0.28393247097960916
902.0,-0.11491155760766414
903.0,0.13028748265573742
904.0,0.4714127499617319
905.0,0.042064072785667095
906.0,-0.14154354066500163
907.0,-0.07002853247230853
908.0,-0.10674030685849173
909.0,-0.0989736183631863
910.0,-0.15895762987302842
911.0,0.10220750014678803
912.0,0.16104757528403918
913.0,0.3996056666548114
914.0,-0.0578987327038539
915.0,-0.0039211801234146915
916.0,0.08363731775564232
917.0,0.14042479039356398
918.0,-0.10306664854363187
919.0,-0.02621182860735255
920.0,0.1462014065178624
921.0,0.010717702859115996
922.0,0.05059666855437445
923.0,0.1430740849616166
924.0,-0.1698220297757418
925.0,-0.14309276555131653
926.0,-0.03234335090856766
927.0,0.27256385628138496
928.0,-0.08034110147070905
929.0,0.19853063819079392
930.0,-0.11322779945128744
931.0,-0.02249809053939239
932.0,-0.07129962190246708
933.0,-0.02569461108186674
934.0,0.05244828923129402
935.0,0.17379319874468402
936.0,0.056057594009646494
937.0,0.26876842640439713
938.0,-0.044875830008419076
939.0,-0.07148830688845012
940.0,-0.08456363463137792
941.0,-0.056579056979336795
942.0,0.45231892444720023
943.0,-0.005649524902079983
944.0,0.452398328221574
945.0,-0.03102048117731432
946.0,0.2017187285920483
947.0,-0.09234717037250403
948.0,-0.11228883692582065
949.0,0.0954823772048774
950.0,-0.1312359920337503
951.0,-0.06628282234115954
952.0,-0.015255081453055042
953.0,0.13539508294356767
954.0,-0.16346291914061578
955.0,-0.14952669660033724
956.0,-0.047449808444034625
957.0,-0.07665612245835579
958.0,0.021185958676118055
959.0,-0.16859189831688226
960.0,-0.15297320816318044
961.0,-0.02885228710268406
962.0,-0.1027048025382935
963.0,0.2409341008543689
964.0,-0.15049492268040646
965.0,0.07100420396954737
966.0,0.4332569488028026
967.0,-0.0626060526932736
968.0,0.34526519879119866
969.0,-0.1436202169795665
970.0,0.3470895252297701
971.0,0.11416399978569247
972.0,-0.1305420637348799
973.0,-0.019341049043682085
974.0,0.059930151852282454
975.0,-0.11280319773426017
976.0,-0.033785912897772996
977.0,-0.14749567101445527
978.0,-0.0808674485153427
979.0,0.12533279300216404
980.0,0.35865795107725124
981.0,-0.05767294225711131
982.0,-0.16411898253717724
983.0,-0.07625828772024543
984.0,0.2687625733767326
985.0,-0.026513787562025215
986.0,-0.02305999005520093
987.0,-0.16357515656832522
988.0,0.05405734153993014
989.0,0.17425300492868528
990.0,-0.06335210147324283
991.0,-0.11711595050262807
992.0,0.4091835109425694
993.0,-0.13473487074955937
994.0,0.10121662226627015
995.0,0.5495967892244851
996.0,-0.060683216778936844
997.0,0.2481291270070023
998.0,-0.10623618687849912
999.0,-0.09069885308877138
1000.0,0.09574759920480602
1001.0,-0.11807897999533187
1002.0,0.12846336112149054
1003.0,0.10864841813881199
1004.0,-0.12721697727054
1005.0,0.40380420968721586
1006.0,-0.04631146145774906
1007.0,-0.022323377853629894
1008.0,0.17281349184664224
1009.0,-0.07724611234916537
1010.0,0.04366721046310151
1011.0,-0.07317105582928451
1012.0,0.10214400495286557
1013.0,-0.15444991155332125
1014.0,-0.1591008025197226
1015.0,0.17355488901519078
1016.0,-0.08715512895729222
1017.0,-0.14054722901996586
1018.0,0.44314041055042175
1019.0,-0.00232847960368171
1020.0,-0.11868256444011538
1021.0,0.06541466120349454
1022.0,0.11311968249706267
1023.0,-0.1449214920703409
1024.0,-0.0924977700864617
1025.0,0.007055867857932718
1026.0,0.06476327685748201
1027.0,0.41561418427193386
1028.0,-0.04012803403855572
1029.0,-0.06815388549508128
1030.0,-0.1346242731805235
1031.0,-0.14531523005312946
1032.0,-0.115598369674315
1033.0,0.023574979274010754
1034.0,-0.07914069601633339
1035.0,-0.0710457958250392
1036.0,-0.1362348025836383
1037.0,0.12505554922358658
1038.0,0.08052554706328757
1039.0,-0.05765743213518132
1040.0,0.28522942056663836
1041.0,-0.05456383927393854
1042.0,-0.029592069918654484
1043.0,0.28796440474665413
1044.0,-0.09911725867457405
1045.0,-0.1339584066554235
1046.0,-0.13083503751190503
1047.0,0.027209848371327783
1048.0,0.001946906521226477
1049.0,0.11829397549473397
1050.0,-0.15508551118960576
1051.0,-0.09171836331264455
1052.0,0.07022313750649711
1053.0,0.46633962501287574
1054.0,-0.038946881012562384
1055.0,-0.11838521710192082
1056.0,-0.10139354675465623
1057.0,-7.547028958748703e-05
1058.0,0.36719630729274355
1059.0,-0.052360555155402805
1060.0,0.01148237894102605
1061.0,-0.14848175830510982
1062.0,-0.07618546582859004
1063.0,-0.13461505409638203
1064.0,-0.11173161135396112
1065.0,0.12088370499325418
1066.0,-0.1430557504765564
1067.0,-0.014234276305026022
1068.0,0.08878874090259836
1069.0,0.32935868641360766
1070.0,-0.1079248338825145
1071.0,0.5101724419410616
1072.0,-0.032491245353679116
1073.0,-0.07057281745516414
1074.0,-0.14303621626003332
1075.0,0.204615344719221
1076.0,-0.06329681196235387
1077.0,0.00631823451777791
1078.0,0.28009294831947035
1079.0,-0.11561190132483157
1080.0,0.03269242183595078
1081.0,0.4399409058119828
1082.0,-0.038543400571035
1083.0,0.06991234666209073
1084.0,-0.10210792644457523
1085.0,0.3395353401612999
1086.0,-0.07837199733725494
1087.0,0.07519818893163993
1088.0,-0.1331466266865863
1089.0,-0.009023219470368216
1090.0,-0.14459145351497407
1091.0,0.23123796209310515
1092.0,-0.10749189220461947
1093.0,0.10684096886429217
1094.0,0.34144530844781773
1095.0,-0.035279195114086614
1096.0,0.24857221172905214
1097.0,0.19053164928528937
1098.0,-0.05541234238908141
1099.0,-0.02399948043148456
1100.0,-0.10339354562025804
1101.0,0.09438122864299658
1102.0,0.3077997459535408
1103.0,-0.13163193536064194
1104.0,-0.022568526550899554
1105.0,0.014942827911342604
1106.0,-0.12481457354334283
1107.0,-0.014798941657199055
1108.0,-0.1606076975705294
1109.0,0.23825100874482713
1110.0,0.43535516278641395
1111.0,-0.08176977059997018
1112.0,-0.11916333179479519
1113.0,-0.04963913061966532
1114.0,-0.12633977383810488
1115.0,0.4737221798163541
1116.0,0.009616497364547172
1117.0,-0.13894706150966094
1118.0,0.15439074904042538
1119.0,0.06018948511828415
1120.0,-0.14176846989894937
1121.0,-0.0028602434197656512
1122.0,-0.11189355177478866
1123.0,-0.008756374046105964
1124.0,0.017696021757654
1125.0,0.017930444476578045
1126.0,0.0371831643799887
1127.0,-0.08623237339790507
1128.0,-0.09682559546596076
1129.0,-0.06305994298272291
1130.0,-0.13948975953753917
1131.0,0.17602920025702717
1132.0,-0.14832787506164405
1133.0,0.06776235012941989
1134.0,-0.13161958139828406
1135.0,-0.06001638245968108
1136.0,0.4889545314754833
1137.0,0.057655801083351166
1138.0,0.205026123684382
1139.0,-0.0853721641954999
1140.0,0.34662810306594477
1141.0,-0.1474405053160185
1142.0,-0.0011724652713413497
1143.0,-0.06984293143836098
1144.0,0.38424110192125494
1145.0,0.018738661171129656
1146.0,-0.1384442273055771
1147.0,-0.1595928479529241
1148.0,-0.10606865423716885
1149.0,0.21270702093490357
1150.0,0.09073573514734729
1151.0,-0.013224602185939405
1152.0,0.35190022110970326
1153.0,-0.08434263521965121
1154.0,0.08728814313059102
1155.0,-0.05405889841421144
1156.0,-0.16194637066115936
1157.0,-0.1288897451669837
1158.0,-0.018657426130958304
1159.0,0.10821706515297236
1160.0,0.15627786880276223
1161.0,-0.13829082310581675
1162.0,-0.11749515297912805
1163.0,0.3580753284331398
1164.0,0.05268556141556913
1165.0,0.06115997876852869
1166.0,-0.16542979378176348
1167.0,-0.056063488993114086
1168.0,0.44950517823448344
1169.0,-0.06411229110282365
1170.0,-0.0008264452371321562
1171.0,0.2322895996992299
1172.0,-0.11416702610066731
1173.0,0.09016939282600561
1174.0,0.24340224213071004
1175.0,-0.06834218053372898
1176.0,-0.14122507432542672
1177.0,0.00939606069873028
1178.0,-0.13237796554832526
1179.0,0.09551354331789152
1180.0,-0.14357986647243304
1181.0,-0.12468348786471586
1182.0,-0.05441055726571528
1183.0,-0.06869225258651684
1184.0,0.2805050270186108
1185.0,0.27308811765428764
1186.0,-0.022075098922142933
1187.0,0.22018180938950838
1188.0,-0.11338082947184772
1189.0,-0.16108077229460188
1190.0,0.5117452397925915
1191.0,-0.06239869326416422
1192.0,0.21975007621235015
1193.0,0.5266339647874221
1194.0,-0.03158694421969199
1195.0,0.23834404610814802
1196.0,-0.1295645918708437
1197.0,0.2972410418795348
1198.0,-0.07600176223604796
1199.0,-0.02434885356992958
1200.0,-0.07057704674420823
1201.0,0.656475029857667
1202.0,0.018758069890944973
1203.0,-0.1174684728779401
1204.0,0.006865845487333766
1205.0,-0.07963469678760798
1206.0,0.2715435440836037
1207.0,0.42100679082572207
1208.0,-0.07738199263498091
1209.0,0.22626017837135848
1210.0,-0.010208453911689175
1211.0,0.16762014474016534
1212.0,-0.10752559005320644
1213.0,-0.11635722642466087
1214.0,0.08607865224570843
1215.0,0.2835869701751049
1216.0,-0.0715050702917755
1217.0,0.29659708037220733
1218.0,-0.03197718471498348
1219.0,0.01935712575067683
1220.0,0.02226896487382002
1221.0,-0.13341916311519575
1222.0,0.23659506165112199
1223.0,-0.0819186963301454
1224.0,0.33943584799915466
1225.0,-0.16392201768711373
1226.0,-0.0017716632316853165
1227.0,-0.12931124370704847
1228.0,-0.1149357258881582
1229.0,-0.1320525229239342
1230.0,0.050361440472126096
1231.0,-0.15997866719303536
1232.0,-0.0023230807504643902
1233.0,-0.10742588667243722
1234.0,-0.11645655481942202
1235.0,-0.12236594386827981
1236.0,0.13605531229873064
1237.0,-0.14743467149619183
1238.0,0.1613722442748612
1239.0,-0.11925220588766908
1240.0,0.02614441763477804
1241.0,-0.1603991955792586
1242.0,-0.06476877441075163
1243.0,0.12524701868688032
1244.0,-0.16647758662572898
1245.0,-0.03534744970435155
1246.0,-0.15372496669742924
1247.0,-0.08882036091798501
1248.0,0.08050376969402184
1249.0,-0.14754114473881258
1250.0,-0.003958086334943711
1251.0,0.32843193493682826
1252.0,0.013988663309038807
1253.0,-0.09670398120608342
1254.0,0.06425425186656497
1255.0,0.045055960991951804
1256.0,-0.15061144084688693
1257.0,-0.0021478029939148713
1258.0,-0.1480385723423826
1259.0,-0.11871453795661013
1260.0,0.2326154223383448
1261.0,-0.11371433127659586
1262.0,0.24697322543422429
1263.0,-0.018198075013309722
1264.0,-0.14121042531698064
1265.0,0.010586714972077249
1266.0,-0.1518345534645841
1267.0,0.04650613329360176
1268.0,0.048070655190205425
1269.0,0.2963712945178999
1270.0,-0.02063167711218794
1271.0,-0.003333173485742469
1272.0,-0.11971299764356338
1273.0,-0.026495014568655245
1274.0,-0.1442496675003214
1275.0,0.13670248228979165
1276.0,-0.1453297761230315
1277.0,-0.04491736994278042
1278.0,0.17692907408980119
1279.0,-0.13146051989739893
1280.0,0.2621679519445529
1281.0,-0.08542168927574523
1282.0,0.19381921385607315
1283.0,0.0008061856702115677
1284.0,0.5551108096944037
1285.0,-0.12008841567159284
1286.0,0.11304015344345775
1287.0,-0.11119204091765486
1288.0,-0.026653522597390483
1289.0,-0.11471228546342399
1290.0,0.16106831005023736
1291.0,-0.047062502843381565
1292.0,0.5846081088017585
1293.0,-0.02551035375587607
1294.0,-0.127877658458237
1295.0,0.32453098929560326
1296.0,-0.10060063704466785
1297.0,-0.035835221284890056
1298.0,0.47968609584129335
1299.0,0.08332080461973818
1300.0,-0.14154942895203584
1301.0,0.03655157716084184
1302.0,-0.1254181551346071
1303.0,0.0948938766799523
1304.0,-0.17228584256004575
1305.0,0.05608073686265452
1306.0,0.4080571933792952
1307.0,-0.08320504188283162
1308.0,0.26244316816835495
1309.0,0.00032320088282006276
1310.0,0.01721183898474754
1311.0,0.25865016541261554
1312.0,0.3877014312852361
1313.0,0.04394551969908639
1314.0,0.2686463162788619
1315.0,-0.02292353933589325
1316.0,0.07838528144609935
1317.0,-0.1026227338916558
1318.0,-0.08786839347522479
1319.0,0.20441302564886338
1320.0,-0.06169922149987103
1321.0,0.23877391047524
1322.0,-0.17394072887554712
1323.0,-0.04023032502809468
1324.0,0.09699631100873402
1325.0,-0.09558959580720833
1326.0,0.009862276877597387
1327.0,0.4216438855708911
1328.0,-0.012946650375676494
1329.0,-0.1714429096003648
1330.0,-0.06390631929722343
1331.0,0.1980883593880452
1332.0,-0.12548400506810528
1333.0,0.14441356882501039
1334.0,-0.10185384992543547
1335.0,-0.03893819902806081
1336.0,0.015208445051926922
1337.0,-0.06733153573301615
1338.0,-0.14203316276289737
1339.0,0.05523735463473578
1340.0,-0.15279461465485566
1341.0,0.16365671997003395
1342.0,-0.055335057060669046
1343.0,0.3166188404554034
1344.0,-0.1247000973030099
1345.0,0.01310992263915417
1346.0,-0.0934164974175514
1347.0,0.05448930875827407
1348.0,0.5294604199748736
1349.0,-0.07367677662684446
1350.0,0.5776183795262823
1351.0,-0.013523377106289314
1352.0,-0.17692085866550333
1353.0,0.5412540093539178
1354.0,0.14310775758150662
1355.0,-0.02495434521925144
1356.0,-0.1316803570199104
1357.0,0.04411726178018449
1358.0,-0.16832444620674747
1359.0,0.12286771478142566
1360.0,-0.11878028641039695
1361.0,0.08948676664671956
1362.0,0.03803537139616753
1363.0,-0.1500447949448899
1364.0,0.06088580638401725
1365.0,-0.1038809867553756
1366.0,-0.10271113245377006
1367.0,0.14939816309768483
1368.0,-0.13696329565225474
1369.0,0.023677493803679395
1370.0,-0.13472565319327157
1371.0,-0.04948251921281291
1372.0,0.17603879048220938
1373.0,-0.08398962102082741
1374.0,0.10942458906548974
1375.0,0.29673645100430546
1376.0,-0.07968844770939415
1377.0,-0.04976398555712816
1378.0,0.10267992395435632
1379.0,0.0936655693861504
1380.0,-0.07306870061015505
1381.0,0.26697787355240665
1382.0,-0.15297139225809517
1383.0,-0.13834069999273987
1384.0,0.07015243474796068
1385.0,-0.16352713538883618
1386.0,-0.10569362620883857
1387.0,0.3143315510776043
1388.0,-0.16451670011120784
1389.0,-0.04706188188127222
1390.0,-0.01590524733034182
1391.0,-0.14882846827444418
1392.0,-0.07434492367308823
1393.0,0.3160151088415041
1394.0,0.1789624258199255
1395.0,-0.13713965027781239
1396.0,0.004765704707063889
1397.0,0.4765745654573907
1398.0,-0.03660901533595254
1399.0,0.6300881394629976
1400.0,0.2127900364745779
1401.0,0.2509994722714848
1402.0,-0.02078247615129941
1403.0,-0.17106820531927258
1404.0,-0.14616928899632406
1405.0,0.45042879223497156
1406.0,-0.041862698371111395
1407.0,0.41973951999018944
1408.0,-0.057889718189900546
1409.0,0.33785154570882814
1410.0,0.010786437298755502
1411.0,0.1929832114467283
1412.0,-0.08130225898005633
1413.0,0.1619983496661836
1414.0,-0.1500216575885286
1415.0,-0.012943662119414223
1416.0,-0.09851782226262129
1417.0,-0.10586410005445024
1418.0,-0.05183631656614213
1419.0,-0.15110590667389542
1420.0,-0.06315036150934858
1421.0,-0.024797591998935775
1422.0,0.4173434956270513
1423.0,-0.1502061853469329
1424.0,0.11654126473825571
1425.0,0.031277846298011
1426.0,0.6893678663458753
1427.0,0.22970787413919214
1428.0,-0.0979155299823026
1429.0,-0.02379167155630102
1430.0,-0.06774155956926375
1431.0,-0.0423723385754865
1432.0,-0.10197412962445704
1433.0,0.3083311720389037
1434.0,0.044367934157596656
1435.0,-0.1632489927380159
1436.0,0.16464130186042353
1437.0,-0.14916475913356314
1438.0,-0.14922029857495187
1439.0,0.003893634080376185
1440.0,0.4617291741734604
1441.0,-0.026517575277928418
1442.0,-0.03922766973442521
1443.0,0.5339831196007343
1444.0,-0.02344036835808161
1445.0,0.3936814690447623
1446.0,0.09094261619672706
1447.0,-0.08893223634798306
1448.0,0.06051073995832251
1449.0,0.39162912650199333
1450.0,-0.16046005603924196
1451.0,-0.0757324680964011
1452.0,0.39085712031936265
1453.0,0.02034281344139449
1454.0,0.19439512088014294
1455.0,-0.09920793689306892
1456.0,-0.03636831805026858
1457.0,-0.08894001211031113
1458.0,0.07489587185953855
1459.0,0.12045051858541372
1460.0,-0.15353259455274854
1461.0,0.03497793164758023
1462.0,0.12212783365270335
1463.0,-0.08962289758228112
1464.0,0.11941015186551535
1465.0,-0.1464176835563031
1466.0,0.07311121579522062
1467.0,-0.15223279909383097
1468.0,0.03735183317850105
1469.0,-0.14825968902537426
1470.0,-0.114917895413576
1471.0,0.08568259467177475
1472.0,0.6725987079678797
1473.0,0.03750197225155649
1474.0,0.4215416343074141
1475.0,0.019911317662763328
1476.0,-0.02369861900692455
1477.0,-0.11525679404622144
1478.0,0.05382026787067956
1479.0,-0.049530034664718836
1480.0,-0.17312504263180978
1481.0,-0.04351874146445703
1482.0,0.45342234753250693
1483.0,-0.02785384393967738
1484.0,-0.08844891101393285
1485.0,-0.07638283208210914
1486.0,0.04543245765077897
1487.0,0.37988240949654334
1488.0,0.059247790015428625
1489.0,-0.11083664262500201
1490.0,0.014806534260070281
1491.0,-0.09461367781760543
1492.0,0.20533648687163697
1493.0,-0.13229287724232466
1494.0,0.1545385286610586
1495.0,-0.05383444855884287
1496.0,-0.03929602444885255
1497.0,-0.11109173102457057
1498.0,-0.14671798242920267
1499.0,0.07220476415445531
