Time,residuals
0.0,0.0934728702942142
1.0,-0.19062801361444331
2.0,0.009728777012330436
3.0,-0.12238566419531657
4.0,-0.14498031635381683
5.0,-0.1748782551025984
6.0,0.08748972241026165
7.0,0.4430285331469323
8.0,0.22082517351523506
9.0,-0.10233680364719494
10.0,0.17792411840300842
11.0,-0.19793377861024952
12.0,0.3389761743953136
13.0,0.008571367165248311
14.0,0.3368019158547448
15.0,-0.2544043430905169
16.0,-0.09841637196506942
17.0,-0.09895743664695167
18.0,-0.15126712271212503
19.0,0.13374201658630197
20.0,0.13904382276252786
21.0,-0.06254880668902163
22.0,-0.04808150519704579
23.0,-0.1664809218745229
24.0,0.18925390245840246
25.0,0.2621623558571386
26.0,0.3262052153101598
27.0,0.008396285284575589
28.0,0.02330254692005357
29.0,-0.14602651711196551
30.0,-0.07479733878205519
31.0,0.14454615162148077
32.0,0.35077647505281623
33.0,-0.19806850534729448
34.0,-0.17107861817481695
35.0,-0.09022720618652597
36.0,0.04351481444448685
37.0,-0.10377300297232583
38.0,0.16856872078636248
39.0,-0.11012344455900308
40.0,-0.1949022661086571
41.0,0.004199232307606493
42.0,-0.07637331084471549
43.0,-0.08086863699339158
44.0,-0.15151147889855557
45.0,0.05399245403277747
46.0,-0.25240793427204833
47.0,-0.10950624923586799
48.0,0.08330564367563792
49.0,-0.06443636321324941
50.0,0.18471925973940728
51.0,-0.11733038647596511
52.0,-0.24519864732136804
53.0,0.11828537311455073
54.0,0.07673625129664097
55.0,0.383841993171659
56.0,-0.19011262249712196
57.0,-0.2582948497736597
58.0,0.09143743622410871
59.0,-0.24564679072410933
60.0,0.27954068092459233
61.0,0.2826379527976886
62.0,0.528052022478358
63.0,-0.027924937823144258
64.0,0.10029327282756517
65.0,-0.07983058754612055
66.0,0.7474416835937576
67.0,-0.12811608421306606
68.0,-0.20333863747962666
69.0,-0.13647320497478022
70.0,-0.00508095133696862
71.0,0.16333865139372206
72.0,-0.2049961156939133
73.0,0.15764758999805495
74.0,0.47759897196121104
75.0,-0.2187088406012672
76.0,0.514522008481489
77.0,0.26530626183648814
78.0,-0.014301467533460621
79.0,-0.17788557726889587
80.0,-0.1918862847495253
81.0,-0.0022137347087912707
82.0,-0.16845939694484108
83.0,0.2939819440981168
84.0,-0.056590443375925115
85.0,-0.06627995838037071
86.0,-0.2292558168996086
87.0,-0.03917283276831535
88.0,-0.10156895434135854
89.0,0.13229222110668387
90.0,-0.08009387131856832
91.0,0.35935570220086116
92.0,0.1892209240201922
93.0,-0.2604525679366191
94.0,0.12600389228476921
95.0,-0.1287415692314706
96.0,0.44816269193946867
97.0,-0.12011546108345911
98.0,-0.16240155243603305
99.0,0.17777705272303312
100.0,0.5569314182014405
101.0,0.17860828138468277
102.0,-0.18875528759723573
103.0,-0.23185597750543555
104.0,-0.19728311996941372
105.0,0.21385804136362363
106.0,-0.20603721213305692
107.0,-0.2567341623167411
108.0,-0.2369933652478587
109.0,-0.17920775739817815
110.0,0.22679080852812739
111.0,0.33271245751100953
112.0,-0.17617298106272414
113.0,-0.18929773781826476
114.0,-0.004256151190815072
115.0,-0.2737051152304521
116.0,-0.08213190771442225
117.0,-0.1340173008298262
118.0,-0.0952698335842751
119.0,0.10357376834657656
120.0,-0.1841635191447829
121.0,0.5781470539877187
122.0,-0.12463636871648995
123.0,0.4414686974382214
124.0,-0.02081906427548602
125.0,-0.09821222863889995
126.0,0.030313879690423262
127.0,0.4826900560799166
128.0,0.47478737211886435
129.0,0.46199084668365475
130.0,0.13756010277199515
131.0,-0.008144262826399407
132.0,-0.12643064396115788
133.0,0.01419454938387743
134.0,-0.10608322565988587
135.0,0.0349188428568607
136.0,-0.14946049575646195
137.0,0.2890611050640837
138.0,0.16911980671052362
139.0,-0.019877321008581972
140.0,0.09970212005521067
141.0,-0.039110894081194836
142.0,0.4191730841140563
143.0,-0.162436076875917
144.0,-0.27376186341740877
145.0,-0.25848555362154346
146.0,0.1291177996684319
147.0,-0.1790184886085505
148.0,0.6980785304707143
149.0,-0.1645743323714716
150.0,0.27587911237267676
151.0,-0.156215474455069
152.0,0.01917121023686641
153.0,-0.157687290644282
154.0,0.21892337760516167
155.0,0.12226744811711693
156.0,-0.0016213725022256598
157.0,-0.04415586013369288
158.0,-0.05004403995190798
159.0,0.12917038006825643
160.0,0.2833284881569462
161.0,-0.2210000948107897
162.0,0.3413898328239591
163.0,-0.11783116286437223
164.0,0.32307880673685546
165.0,0.1817074661971596
166.0,-0.026218212607281466
167.0,0.17646761700303554
168.0,0.6915729892473165
169.0,-0.042848879908277904
170.0,0.45165408581650224
171.0,-0.17522244662588404
172.0,0.273880813664781
173.0,0.2258188682888863
174.0,-0.17263991007138607
175.0,-0.1158034386733025
176.0,-0.15655083859227137
177.0,-0.24002121394092485
178.0,-0.051049641322044426
179.0,-0.14285438333325703
180.0,-0.06488173114032791
181.0,-0.1964174603205705
182.0,-0.11326089064905454
183.0,0.5996805494099791
184.0,-0.06929313588551056
185.0,-0.21397070633820303
186.0,-0.11200728530023002
187.0,-0.16041445845666835
188.0,-0.0030426975566718584
189.0,-0.24817379285288585
190.0,0.06910926355380531
191.0,0.10334008182504756
192.0,-0.22234046232810262
193.0,0.1704556679516771
194.0,-0.10099879155866082
195.0,-0.1612521635369968
196.0,-0.036902392301730536
197.0,-0.22743658954546092
198.0,0.0015478012691853005
199.0,0.30864642038627427
200.0,0.6431083679443359
201.0,-0.15187663829148598
202.0,0.4993108229147391
203.0,-0.11930047251302056
204.0,0.12695832216445035
205.0,0.15458839215653813
206.0,-0.026787574390455593
207.0,0.3503716645912375
208.0,-0.20570278141549683
209.0,0.1525660835489026
210.0,-0.23671161944611963
211.0,-0.13111128515337037
212.0,-0.03188696666838692
213.0,-0.03833734250219639
214.0,-0.15009023859200865
215.0,0.5480705621338415
216.0,0.5578750146309941
217.0,0.07546021933487851
218.0,0.19506304545699898
219.0,-0.10779031113695331
220.0,0.4287395399118053
221.0,-0.060152915626069
222.0,0.02729401522792635
223.0,0.5671396813342031
224.0,-0.05336489229748298
225.0,-0.26065894894818586
226.0,-0.05985123545761145
227.0,0.21077831056641494
228.0,-0.10869955632904732
229.0,0.19591110099936165
230.0,-0.134834631694993
231.0,-0.10865155100134433
232.0,-0.08792803305488972
233.0,0.3632144968195202
234.0,-0.11609917931457125
235.0,0.013214416489630731
236.0,-0.14128045969360675
237.0,0.3615895671453721
238.0,-0.2587650383237031
239.0,0.30086801461468626
240.0,0.1323579420055171
241.0,-0.032631378747897566
242.0,0.0390090334356063
243.0,0.02451202049658774
244.0,-0.2618453906816374
245.0,-0.03343667968859826
246.0,-0.22023210761250533
247.0,-0.02845325463736581
248.0,0.04184822549372258
249.0,0.5005342010358951
250.0,-0.1915959123121631
251.0,-0.04889040900799746
252.0,0.2509294723040287
253.0,-0.2413517090056535
254.0,0.283445632949694
255.0,0.06821821876437933
256.0,-0.2502784109086099
257.0,0.24562071000335695
258.0,0.011883982632649503
259.0,-0.19484814461791147
260.0,-0.2239921966980625
261.0,-0.20096903608143643
262.0,-0.01851231353220778
263.0,0.21575278648907653
264.0,0.033757692205887646
265.0,0.23616154982564191
266.0,-0.21367320186457295
267.0,-0.16011518378058115
268.0,-0.19781586243509017
269.0,-0.1447787053420779
270.0,-0.21516886886009534
271.0,-0.2708808920796408
272.0,-0.20984820763348683
273.0,0.27969180248704695
274.0,-0.2710197568277132
275.0,0.04452052486665409
276.0,0.08599667641082936
277.0,0.3948769541492673
278.0,0.16287566685224347
279.0,0.005620796449517629
280.0,-0.07987039142482028
281.0,-0.17113780133248638
282.0,0.2237139695633204
283.0,-0.15396555750411733
284.0,0.026417563464355753
285.0,-0.15437714392517227
286.0,-0.20090458243646284
287.0,-0.03782193066353329
288.0,0.012191151768931374
289.0,0.01890734995933635
290.0,0.2362252474802627
291.0,0.16446571221919815
292.0,-0.04460888766960269
293.0,0.029680880620082062
294.0,0.17355025261931417
295.0,0.12573477848656006
296.0,-0.18279774625933137
297.0,-0.21842192111485811
298.0,-0.10094296385919044
299.0,-0.02335853429168283
300.0,-0.14866338688930122
301.0,-0.22870838210984268
302.0,0.17817153812643927
303.0,-0.055172078501124155
304.0,0.05709053584714213
305.0,0.2070439882986514
306.0,0.18245210089369918
307.0,0.3697182790697583
308.0,0.5055873521509787
309.0,-0.14942573417953703
310.0,-0.19943440432075088
311.0,-0.14938984261846977
312.0,-0.04922711752024195
313.0,0.08143791297266362
314.0,0.021682539233787768
315.0,-0.17676497534042487
316.0,0.15037110553262317
317.0,0.05876771134769976
318.0,0.009580658669434527
319.0,-0.123416066950228
320.0,0.012757184654124842
321.0,-0.24625484952058527
322.0,-0.21859816161108067
323.0,0.39333064249677463
324.0,-0.12055314962164021
325.0,-0.11475657677714057
326.0,-0.06206444427883229
327.0,-0.021125365787676764
328.0,0.16563230688322728
329.0,-0.18197545046902316
330.0,0.523186768802222
331.0,-0.07790107737323776
332.0,0.006661983449701481
333.0,0.12312879891546474
334.0,0.06951371469107975
335.0,0.1029772947489529
336.0,-0.10310920437165305
337.0,0.3600396891790753
338.0,-0.09007676966204864
339.0,-0.2642949385549602
340.0,-0.06886041921066788
341.0,-0.02135598450088011
342.0,-0.2755264762656631
343.0,-0.04647555719975899
344.0,0.23817240735711037
345.0,-0.10305688062055596
346.0,0.18236133408146848
347.0,-0.18903763593873185
348.0,-0.09170951408602668
349.0,-0.025434901289167533
350.0,0.08691272705932251
351.0,0.2127242914797432
352.0,-0.05575384046159748
353.0,0.04142833192082912
354.0,0.13922763391878934
355.0,-0.21567689285127464
356.0,0.33613337874236987
357.0,-0.19942682017696722
358.0,-0.11502388526573831
359.0,0.4143279901628891
360.0,-0.11869357559797172
361.0,0.024784879312396035
362.0,-0.27629187081756135
363.0,0.1914042572827842
364.0,-0.10823260532334972
365.0,0.2098726116530531
366.0,-0.057973817656992443
367.0,-0.05275228444224883
368.0,-0.2574468331958962
369.0,-0.1304895778455077
370.0,-0.08235124104680341
371.0,-0.2564491323616932
372.0,0.07606615066968814
373.0,0.3892305073680872
374.0,-0.05578250086513986
375.0,0.12287761263680552
376.0,-0.07375309675965941
377.0,0.06310623367709994
378.0,-0.2467639380690247
379.0,0.09345429091431523
380.0,0.24408933869568744
381.0,0.39399428272803105
382.0,0.20071349071217642
383.0,-0.15071836475268896
384.0,0.17057182185874215
385.0,0.35358228583921325
386.0,-0.21437086193673816
387.0,0.02370238239959227
388.0,0.027201943300572518
389.0,-0.20777027580866356
390.0,-0.2728218597133394
391.0,-0.19835483098882747
392.0,-0.007292861813001594
393.0,0.08279373801080858
394.0,0.1521866708071843
395.0,0.38812192347203917
396.0,-0.1440207717752216
397.0,-0.2596012335270982
398.0,-0.1654818792382514
399.0,-0.0862525893040279
400.0,-0.15078892910178437
401.0,0.03297861777047001
402.0,0.2740029301051472
403.0,0.018657644856575395
404.0,-0.015800615959867648
405.0,-0.20021229554188005
406.0,-0.17863518655728755
407.0,0.10912882134442992
408.0,0.16544607699534397
409.0,0.11784190427523339
410.0,0.3517339074281321
411.0,-0.10293135142880899
412.0,0.13106176586667162
413.0,-0.23307138972528535
414.0,-0.15684290518552163
415.0,0.05776461484164802
416.0,-0.22787495902725566
417.0,-0.13769192740754477
418.0,-0.1377377106889074
419.0,0.5337996184948706
420.0,0.06515997774291254
421.0,0.17016352226074255
422.0,0.5474316575104281
423.0,-0.19889476057308297
424.0,0.01030859195055378
425.0,0.15758053132379946
426.0,-0.0801166121027625
427.0,-0.051844114578246725
428.0,-0.00959028355847713
429.0,0.2022586669971974
430.0,-0.10309610115309686
431.0,0.3141037673528251
432.0,-0.028377324283533345
433.0,0.13314133341899115
434.0,0.5603455601141714
435.0,-0.15884054432431444
436.0,-0.2508741486351298
437.0,-0.08112037543033435
438.0,0.18243789656810416
439.0,-0.06598754930465439
440.0,-0.11985117310085086
441.0,0.009423141607624086
442.0,0.43590258448752156
443.0,0.26521742411372085
444.0,0.08407043468147879
445.0,-0.05843922269954649
446.0,-0.2413205381295668
447.0,-0.23524931023759443
448.0,-0.07677557288858017
449.0,0.37628366931066015
450.0,-0.0049242006447682285
451.0,-0.1004003916643359
452.0,0.12450635691256823
453.0,0.13267614584702425
454.0,-0.013222167002672036
455.0,-0.054907668926159725
456.0,0.19685430860252495
457.0,-0.15524688575832174
458.0,0.31611803078484557
459.0,0.6533025438593035
460.0,-0.04944264564075834
461.0,-0.14225574904761124
462.0,-0.17855101400351847
463.0,0.2888128982888471
464.0,0.2509589653027631
465.0,0.06102506967547011
466.0,-0.2554170402014363
467.0,-0.25827604788156455
468.0,0.07388718826197005
469.0,-0.15712838518024014
470.0,0.02343304830329429
471.0,0.07671017914839079
472.0,0.26449024562014667
473.0,-0.21917440666151516
474.0,-0.16150632323989528
475.0,0.3844204776217295
476.0,-0.14472401714902927
477.0,0.10350687943672465
478.0,-0.1750512319219742
479.0,-0.13793676856965698
480.0,-0.020727794400776045
481.0,0.03246098476497544
482.0,-0.18888919614147598
483.0,-0.2783324280940993
484.0,-0.17721968213690276
485.0,0.2945020571167954
486.0,-0.10730488881505174
487.0,0.06531850395853378
488.0,0.612499658504706
489.0,-0.2035938947442768
490.0,0.1869769607627757
491.0,-0.10238673904465356
492.0,0.5701753290345668
493.0,0.11924924944701737
494.0,0.03770291156022959
495.0,0.4755919958957258
496.0,-0.2083404795048904
497.0,0.5386291440920837
498.0,-0.07535645011595687
499.0,-0.16942769429587023
500.0,0.3259187343683791
501.0,0.1352221463258081
502.0,0.09968961756210482
503.0,-0.1681168474945975
504.0,0.2328982904820492
505.0,0.15600219963124895
506.0,0.07774728612520315
507.0,-0.16236063388587177
508.0,-0.11769980576531419
509.0,-0.297199029036641
510.0,0.04327367513141539
511.0,-0.08186467873100062
512.0,0.43812458481049155
513.0,-0.17115167809485515
514.0,0.022100505678457172
515.0,-0.30386048211668565
516.0,-0.040126336824540976
517.0,0.03502809844315974
518.0,0.16418773016639132
519.0,0.01538002287781165
520.0,-0.137757743494466
521.0,-0.15407317133034892
522.0,0.38165299026846344
523.0,-0.1432859618361762
524.0,0.31776444223805433
525.0,-0.10443464462177077
526.0,-0.1525571807088586
527.0,-0.004564973391973093
528.0,0.018242201545408676
529.0,-0.019858016821419022
530.0,0.1836950771471167
531.0,-0.05855001085009681
532.0,-0.18314554048463033
533.0,-0.23090402287744366
534.0,-0.2205998706173747
535.0,0.1605858987404606
536.0,0.06830949219321036
537.0,-0.031067239395828172
538.0,-0.021055211349202185
539.0,-0.2429856909465788
540.0,0.36098765540849587
541.0,0.028430148022075996
542.0,-0.02424143640331139
543.0,0.12899310738966763
544.0,0.10495913829266662
545.0,0.08155564239692387
546.0,-0.15787494906188493
547.0,0.1624705787394043
548.0,-0.2227086177506332
549.0,0.12972568527244188
550.0,-0.04518209718751759
551.0,-0.1116815576734595
552.0,-0.15987419713595555
553.0,0.07406228087920441
554.0,0.07221868166744472
555.0,-0.22536586382832222
556.0,0.32140076346014596
557.0,0.16079848809607533
558.0,0.4864683016258563
559.0,0.26172985185643777
560.0,0.5472680356040222
561.0,-0.08736952859497382
562.0,0.34411019069610616
563.0,-0.1596244883071535
564.0,0.0046826141539810795
565.0,0.2939732116429832
566.0,0.17676638441145337
567.0,-0.12860957314685173
568.0,-0.10498336688136423
569.0,-0.16211679917935132
570.0,-0.02920165124485763
571.0,-0.11702514094887068
572.0,0.011128110825661397
573.0,0.35153968279726855
574.0,-0.23202547212552643
575.0,-0.07942575319737194
576.0,-0.2764036791028807
577.0,-0.2188871686441093
578.0,0.2194663604477028
579.0,-0.09191036002840125
580.0,0.18830131509626158
581.0,0.019087891674629542
582.0,0.09386835520212616
583.0,0.0999591472902624
584.0,-0.06015309493104537
585.0,-0.08925880567435573
586.0,0.2161395922839358
587.0,-0.18496386181374083
588.0,-0.17404820906521773
589.0,-0.07585166749199951
590.0,-0.2694250116822734
591.0,-0.24663752437600298
592.0,0.636429496658224
593.0,-0.21158218905001622
594.0,-0.18814544326778107
595.0,-0.16706433824757105
596.0,0.5570024402999272
597.0,0.4444172022053588
598.0,-0.044716832706312104
599.0,-0.09336967294259646
600.0,-0.05051324573054228
601.0,-0.16009702055721134
602.0,0.14819495963300872
603.0,-0.12292862478776495
604.0,-0.012171475632093143
605.0,-0.10705477884434905
606.0,-0.22812855217838082
607.0,0.4475714575651652
608.0,-0.12030286152385394
609.0,-0.22446630071992124
610.0,-0.19361970368030676
611.0,0.5091555761869027
612.0,-0.19845573531339464
613.0,-0.17400865225198445
614.0,0.02796640340122386
615.0,0.08408276508576717
616.0,0.24642309863556888
617.0,0.14092783378193569
618.0,-0.03359962796888927
619.0,0.2813036044400423
620.0,0.12202615155065255
621.0,-0.19827077693696643
622.0,-0.08158383464027558
623.0,-0.056755117443915815
624.0,-0.1907442256057544
625.0,-0.13129944945038047
626.0,-0.1111711590464769
627.0,-0.06227579104634873
628.0,0.09088420057180618
629.0,-0.11063148436090481
630.0,0.00409369450044228
631.0,0.006927289310552143
632.0,0.5762396139107969
633.0,0.31074946343923426
634.0,-0.050456742469685956
635.0,0.13530009315685138
636.0,-0.10907809162030285
637.0,0.584441238827875
638.0,0.29351323418903014
639.0,-0.1286299236695258
640.0,-0.11539179508594732
641.0,0.36228803447644914
642.0,0.35465161787025035
643.0,-0.08227773153988627
644.0,0.01256053384220629
645.0,-0.024118833943854834
646.0,0.08702583656620372
647.0,-0.10459753983475711
648.0,-0.12464544167646607
649.0,0.5079557811167557
650.0,0.02745686450218965
651.0,-0.24845267214794067
652.0,-0.1873655696354551
653.0,-0.21520493019760625
654.0,-0.13491710170058768
655.0,-0.10353145585085782
656.0,0.17911727280847578
657.0,0.10770398447056645
658.0,0.07604509350348315
659.0,-0.010541086213471995
660.0,-0.0025719000540814774
661.0,-0.20578581529890216
662.0,-0.051285024763705334
663.0,-0.003038888197298528
664.0,-0.08733601970186239
665.0,0.05713168679567909
666.0,-0.16492696231305132
667.0,-0.16113815199324985
668.0,-0.11052260057254099
669.0,0.4829113115195564
670.0,0.11944388410271883
671.0,-0.09498250653170731
672.0,0.21753463975212345
673.0,-0.15590402727725408
674.0,-0.22802395978194648
675.0,0.13869318342760578
676.0,-0.21753103653302894
677.0,0.023006280928049738
678.0,-0.15297159868225635
679.0,0.15917230832593493
680.0,-0.25312828727658787
681.0,-0.041126749193712675
682.0,0.05059758736132769
683.0,0.0987523807410331
684.0,-0.26831948920901993
685.0,0.3787761196734338
686.0,-0.14212398424815711
687.0,0.19187548981829383
688.0,0.022967890089930554
689.0,-0.19103797189210878
690.0,0.1816111337978235
691.0,-0.22217151585330305
692.0,-0.1680968585576107
693.0,0.09826751681704676
694.0,0.1339631079895784
695.0,0.1711451170125176
696.0,-0.12433029787165206
697.0,-0.02561490635019459
698.0,0.08284413922534178
699.0,-0.2552827800311031
700.0,-0.22652495675220918
701.0,0.23569529514345156
702.0,0.38334569150636916
703.0,0.13740853293775707
704.0,0.25742410223599355
705.0,0.455997648783087
706.0,0.024670974055455153
707.0,0.015026620096495968
708.0,-0.14801585807795783
709.0,-0.09969926682375135
710.0,-0.11617532633801286
711.0,-0.07885171313083278
712.0,0.1170086861685306
713.0,0.20572622766107668
714.0,0.056230565167242064
715.0,-0.23923232479108894
716.0,-0.07996677759295245
717.0,-0.1991194349265951
718.0,-0.22392522773940599
719.0,0.14284478823948088
720.0,-0.1827463200252345
721.0,-0.010567943930777701
722.0,-0.014079650078833661
723.0,-0.13758114631455234
724.0,-0.1998303162767096
725.0,0.16658539361554348
726.0,-0.13233675045640872
727.0,-0.09542590751629337
728.0,-6.599933764628307e-05
729.0,-0.23946028569205072
730.0,0.19876021562671325
731.0,-0.1360858876546749
732.0,0.03378475487825694
733.0,0.03738324130068499
734.0,0.14946602694129268
735.0,0.1863458703563507
736.0,-0.08252869808836438
737.0,-0.1101906883841367
738.0,-0.19393947161093691
739.0,0.614984029847587
740.0,0.1899586640727745
741.0,0.2966339604016119
742.0,-0.2412086004448407
743.0,-0.09879980021248047
744.0,0.15052801218616857
745.0,-0.1035012613980702
746.0,0.38666068963635514
747.0,0.441990197669055
748.0,0.5735974672138309
749.0,-0.27355408878731524
750.0,0.4060589420440861
751.0,0.2574494307728874
752.0,-0.05848965067760842
753.0,-0.018675030018902306
754.0,-0.11360995816494934
755.0,-0.00297962757757797
756.0,0.5275397546850854
757.0,-0.018981781594410885
758.0,-0.12225860611936623
759.0,0.19451322550372874
760.0,0.0034255038206572053
761.0,0.4249332944801551
762.0,0.03660689331441441
763.0,-0.07431932961224108
764.0,0.40110352448858183
765.0,-0.15942965767488307
766.0,0.14044064388643196
767.0,0.1593084829457756
768.0,0.4966988159183611
769.0,0.002815516091224657
770.0,-0.2357967206074175
771.0,-0.12544589466904177
772.0,0.2662169879774032
773.0,0.3959244742980697
774.0,0.1361556786327454
775.0,0.227733636646624
776.0,0.013011337416863722
777.0,-0.053117743783776705
778.0,-0.21074164401228396
779.0,0.3865364078473697
780.0,0.08789705010606069
781.0,-0.1640068789169708
782.0,0.4818199393650011
783.0,-0.2516447148120753
784.0,-0.23981530455358127
785.0,-0.14818203471347752
786.0,0.5750393534777525
787.0,-0.24816991853528875
788.0,-0.21119760458054046
789.0,-0.15842756956179108
790.0,-0.003992804952570539
791.0,0.0008770004518754981
792.0,-0.09909150341201511
793.0,0.4319887371935015
794.0,0.3835800101608167
795.0,-0.23033122322873872
796.0,-0.009520963945052141
797.0,-0.1428941504300654
798.0,0.03274005449292611
799.0,-0.2188649979058487
800.0,-0.2059294153850959
801.0,-0.2053537058196479
802.0,-0.1907802256111479
803.0,-0.12131500890285413
804.0,-0.08550498377948701
805.0,0.2382182483807141
806.0,-0.1495845188705877
807.0,0.17172628105642435
808.0,-0.07159245171208167
809.0,-0.25467613301476705
810.0,0.026265804103489387
811.0,0.052363086074086906
812.0,-0.13049132216183296
813.0,-0.14510296003595952
814.0,0.11051581161020685
815.0,-0.13231557931681762
816.0,0.38119399029165574
817.0,-0.09843769470467728
818.0,0.26815912970279593
819.0,-0.16637666345520657
820.0,-0.12330285678352743
821.0,0.1649598004633549
822.0,-0.19835399012993976
823.0,-0.22995430362726269
824.0,-0.13160812133934002
825.0,-0.005610188045029607
826.0,0.030946411479227554
827.0,-0.25582844804812754
828.0,-0.14594007507205856
829.0,-0.04254186008783295
830.0,-0.16250689978218624
831.0,0.07681628158024206
832.0,-0.25002835996108197
833.0,-0.0774015996288287
834.0,0.005902758918480799
835.0,0.18434367897012233
836.0,-0.23634994431001213
837.0,0.4565151289287235
838.0,0.10831664603776187
839.0,0.2836898099614582
840.0,-0.231376707112106
841.0,-0.17566305690638231
842.0,0.4199138002508608
843.0,0.00036218534608939423
844.0,-0.19408641585716888
845.0,-0.24732701263895893
846.0,0.3773889398487699
847.0,-0.12735843063135804
848.0,-0.09553151212429273
849.0,-0.0729624985258201
850.0,-0.13289136580173255
851.0,-0.006115710836083976
852.0,0.0499178994236662
853.0,-0.22859495849822983
854.0,-0.20214840992958005
855.0,-0.1913517484181854
856.0,0.12551861067120385
857.0,0.4519182296726535
858.0,-0.005947069279431838
859.0,-0.20909274740106903
860.0,-0.2395401690871469
861.0,-0.09380073767584302
862.0,0.3869093892009792
863.0,0.10178314359396451
864.0,-0.06805831049047806
865.0,-0.1656470392465591
866.0,0.4603775672738385
867.0,-0.18292504040016916
868.0,-0.010852265633794766
869.0,0.021912154513233084
870.0,-0.21006395345883008
871.0,0.2973177588919713
872.0,-0.016158549326115434
873.0,0.2618395464673867
874.0,-0.008342871617914804
875.0,-0.10094342745988194
876.0,-0.17424570098680214
877.0,-0.2642209874890446
878.0,0.03434616288855746
879.0,-0.003006212067367897
880.0,0.09035794860546875
881.0,-0.13706180254717934
882.0,0.2839120004129497
883.0,-0.1781719150015166
884.0,-0.08063847898602522
885.0,0.4254998435126722
886.0,0.03073914951075829
887.0,0.10660231075495946
888.0,0.6028744006596207
889.0,0.4145683980355859
890.0,0.092543528730618
891.0,0.5921432867423793
892.0,-0.08014133979989069
893.0,0.574151780938355
894.0,-0.1729000263353561
895.0,-0.010732591661929192
896.0,0.35421253602284086
897.0,0.056038811298028623
898.0,0.057627727509662274
899.0,-0.14611679911703368
900.0,-0.0785279905325737
901.0,0.14166607203749498
902.0,0.2716934857673061
903.0,-0.10389779098346358
904.0,0.25385609769783074
905.0,0.3035586982321962
906.0,-0.123930654618152
907.0,0.08413347737322702
908.0,0.23152549372968856
909.0,-0.08489907254226364
910.0,-0.028870326701436633
911.0,-0.2061294455111982
912.0,0.12332897143524502
913.0,-0.25940962319436023
914.0,0.11716456507967493
915.0,0.403868756208771
916.0,-0.06045722435970513
917.0,0.2563746595959763
918.0,-0.043234476952918266
919.0,0.2702364011786749
920.0,0.011102319768048985
921.0,-0.10243175779033376
922.0,-0.15029393874454933
923.0,0.006383120933287856
924.0,0.5816805263272333
925.0,0.8383017959223307
926.0,0.1251172785029765
927.0,-0.0022524325492616626
928.0,0.09356433851077606
929.0,-0.11507123260839713
930.0,-0.18387710373126825
931.0,-0.17393646363813337
932.0,0.2692262830402566
933.0,-0.02923142418367425
934.0,-0.20084010109145195
935.0,0.21737924863963098
936.0,0.04228945084321767
937.0,-0.12315040673848121
938.0,0.09229624274915516
939.0,-0.20631824357329243
940.0,0.10590929001436572
941.0,-0.09396738397606097
942.0,-0.11843462742878169
943.0,-0.23745245918533686
944.0,-0.04600674951350081
945.0,0.7954273683552717
946.0,-0.17470682800035553
947.0,0.08153414847246915
948.0,0.5747963970446207
949.0,-0.197856835602009
950.0,0.291766470455741
951.0,0.34754133221841643
952.0,0.08271795087627487
953.0,-0.0018207838569455626
954.0,0.028039961314110795
955.0,-0.15441995974362427
956.0,-0.1958549301609671
957.0,0.4941189900457452
958.0,-0.15101008146700773
959.0,-0.20575126102358626
960.0,0.5654882623634245
961.0,-0.24891656404113358
962.0,-0.20487475254746376
963.0,-0.24109159326604446
964.0,0.22718162496574607
965.0,0.06791893828917867
966.0,-0.17953619712059887
967.0,0.18932560280218702
968.0,-0.22608951859157148
969.0,-0.043202578237996114
970.0,0.18115585342766533
971.0,-0.218792512013455
972.0,-0.20793221609153079
973.0,0.1261437546432062
974.0,0.08184237775528658
975.0,-0.13209662668370348
976.0,-0.1245307877492482
977.0,-0.06258327863707669
978.0,-0.09888388816534283
979.0,-0.1909025425087294
980.0,0.324603672279481
981.0,0.038091379278963555
982.0,-0.24237133883074374
983.0,0.0784487761594756
984.0,-0.16257552490720423
985.0,-0.09249000641424593
986.0,0.2985427618031871
987.0,-0.15357244610731952
988.0,-0.12178845832462715
989.0,-0.26543094832472486
990.0,-0.09955645339731756
991.0,-0.2167833431230508
992.0,-0.1575824535186702
993.0,0.5588728294362728
994.0,-0.11489450268834595
995.0,0.007146882798849619
996.0,-0.16538453622473498
997.0,0.5232276146800727
998.0,0.0018530632946960335
999.0,-0.14232525600460386
1000.0,-0.030814766273329186
1001.0,0.16476833098873322
1002.0,-0.1787556872648908
1003.0,-0.11430582621324614
1004.0,0.46956568082492967
1005.0,-0.22678460471925185
1006.0,0.4274845120648232
1007.0,-0.11072536249379572
1008.0,-0.23859593047078848
1009.0,-0.14555159368819592
1010.0,0.16682657731950673
1011.0,-0.2357239751448878
1012.0,0.0854042590456826
1013.0,-0.22573405782409967
1014.0,-0.044232612068338506
1015.0,-0.11756576491052795
1016.0,-0.0657885683799489
1017.0,0.274150654133787
1018.0,0.1663107194627989
1019.0,-0.11694606091138116
1020.0,0.0823067205026149
1021.0,-0.27120112053535717
1022.0,0.4032629731621402
1023.0,-0.15280076553032146
1024.0,0.15869694228152587
1025.0,-0.003500854536581721
1026.0,-0.12035923024982759
1027.0,-0.2311816190474676
1028.0,-0.19508888207798017
1029.0,0.5728088518377321
1030.0,-0.2586636580263265
1031.0,0.39080987039333864
1032.0,0.15293773968609287
1033.0,-0.09726333550573019
1034.0,-0.24854683275754394
1035.0,0.20397644858030917
1036.0,-0.15788212862036172
1037.0,0.06422377806732776
1038.0,-0.2834788971032677
1039.0,-0.18322465866994023
1040.0,0.6005468022798264
1041.0,-0.1719505785458337
1042.0,0.09684255014459464
1043.0,0.15917285182253554
1044.0,-0.08367680364609525
1045.0,-0.09197472497030751
1046.0,0.0457394615114296
1047.0,0.23635667308716263
1048.0,0.13204409937947936
1049.0,0.017929939342137213
1050.0,0.017572528489220918
1051.0,-0.14394745171403767
1052.0,0.15908810319936828
1053.0,0.20756072318673413
1054.0,0.435596845953271
1055.0,0.12941371778612182
1056.0,-0.13084262058516571
1057.0,-0.10828013985481172
1058.0,0.01371852673767704
1059.0,-0.18638797932984627
1060.0,0.1859612896701654
1061.0,0.09909800990989431
1062.0,0.056159362048705086
1063.0,0.04331076729070693
1064.0,0.7988045617460996
1065.0,-0.01922241105688538
1066.0,-0.1041988436345414
1067.0,0.2587842095125695
1068.0,-0.11230859231234153
1069.0,-0.11207057798458758
1070.0,0.24438198282372287
1071.0,0.17420508751801161
1072.0,0.38538394453875774
1073.0,-0.22599450584608596
1074.0,-0.07350409730509055
1075.0,-0.2374935181249449
1076.0,-0.19922442167892704
1077.0,-0.0043514555289926315
1078.0,0.06641809330770632
1079.0,-0.2010020432049132
1080.0,-0.22317007424847077
1081.0,-0.15737796147646166
1082.0,0.3497540222134088
1083.0,0.5697745277775723
1084.0,0.11170402927963252
1085.0,0.1370701782025337
1086.0,0.10419858793092124
1087.0,-0.18393891803485252
1088.0,0.612822102760699
1089.0,0.313219529917764
1090.0,0.6802564007584171
1091.0,0.32683572034270014
1092.0,-0.00038044767167327853
1093.0,0.03262024131740404
1094.0,-0.07609433261142212
1095.0,0.4628441072641731
1096.0,-0.26784058252562615
1097.0,-0.30809235442685834
1098.0,-0.013517576444204926
1099.0,-0.26439967191836417
1100.0,-0.06357960494956144
1101.0,-0.1683723501966105
1102.0,0.0226434161385059
1103.0,0.07107849908602182
1104.0,-0.21536889344602794
1105.0,-0.2609305846810419
1106.0,-0.0731228504355726
1107.0,0.10778823795005926
1108.0,-0.1773958188316725
1109.0,-0.24565540962050844
1110.0,0.21746210311405845
1111.0,0.5785107481882539
1112.0,-0.26557938586265817
1113.0,-0.03581417545980292
1114.0,0.40962667423945154
1115.0,0.007509746056072464
1116.0,0.511615009460177
1117.0,-0.09125986877626507
1118.0,-0.2854125942504066
1119.0,0.01222899975666114
1120.0,-0.055212814077718886
1121.0,0.31207107709507614
1122.0,-0.27778497826202864
1123.0,0.1382560093916162
1124.0,0.28411707710923206
1125.0,0.3437827583977038
1126.0,-0.30067022393706677
1127.0,0.0308883311744077
1128.0,-0.1369246082069625
1129.0,-0.14302234098043715
1130.0,-0.16319504325791456
1131.0,0.12126469031647358
1132.0,0.02735102755873925
1133.0,0.13597231988266034
1134.0,-0.14416520089027635
1135.0,0.5166461336013455
1136.0,0.5454890324793257
1137.0,0.06752062758900879
1138.0,0.0076364862402126255
1139.0,-0.12436051197713233
1140.0,0.25329734795671943
1141.0,0.10434177227584301
1142.0,-0.21095260822567033
1143.0,-0.1525549308719164
1144.0,-0.14969059424334324
1145.0,0.02130119311041051
1146.0,0.19019951577440247
1147.0,0.7730714232525115
1148.0,0.07546700670542533
1149.0,0.036014004252686804
1150.0,-0.050701516798674184
1151.0,-0.23843223448834194
1152.0,-0.16369112866925778
1153.0,-0.16321231050046053
1154.0,-0.044306385370035894
1155.0,-0.09734144509484616
1156.0,0.420814684000493
1157.0,0.10506488784040358
1158.0,0.3217452194529038
1159.0,0.21683244571374305
1160.0,-0.11475680206616895
1161.0,0.032119892067694944
1162.0,0.08593723740178039
1163.0,0.1293134830437918
1164.0,0.6046045115429645
1165.0,0.46344501015140116
1166.0,0.008856357689117078
1167.0,-0.0877600539230991
1168.0,-0.2920643442978752
1169.0,-0.173535711209509
1170.0,0.05635508159303121
1171.0,0.5385336716458373
1172.0,-0.001641524308126363
1173.0,-0.045589989875328474
1174.0,-0.19381155228345257
1175.0,0.11190570206705547
1176.0,0.10836246974341351
1177.0,0.3350482308170427
1178.0,0.019559016107297045
1179.0,-0.01629792819554371
1180.0,-0.13964793487858662
1181.0,0.29207231514059595
1182.0,-0.04427110494506864
1183.0,0.5181197192758191
1184.0,-0.17756226140334097
1185.0,0.2651729089037307
1186.0,-0.24433915528659053
1187.0,0.08414302428633424
1188.0,0.42425135024280525
1189.0,0.13483845237607928
1190.0,0.09670441994230683
1191.0,0.005139463198214789
1192.0,-0.20720436030954278
1193.0,-0.13380957606303429
1194.0,0.0033403246851601565
1195.0,-0.2565527677286516
1196.0,-0.27378320928208266
1197.0,-0.16528048045490756
1198.0,-0.07961679347323719
1199.0,-0.10840941396827086
1200.0,-0.21657488926365606
1201.0,-0.03286670652610202
1202.0,-0.03598573731279031
1203.0,-0.1549562194510813
1204.0,-0.08705488025399083
1205.0,-0.048305423402253356
1206.0,0.016214360104303716
1207.0,0.44607077551724017
1208.0,0.022077361810269702
1209.0,0.026283718656994692
1210.0,-0.08532416772713058
1211.0,0.20233366387427104
1212.0,-0.053455261709855595
1213.0,-0.1405762002381462
1214.0,0.11182591561992056
1215.0,-0.11042789124261598
1216.0,-0.13345314188287988
1217.0,-0.23659869545080575
1218.0,0.04560658647067206
1219.0,-0.2355342282484426
1220.0,0.08402921759564191
1221.0,-0.015919525365964637
1222.0,-0.1545480287069929
1223.0,0.6586480679062822
1224.0,0.06533144483594794
1225.0,-0.05527647727032936
1226.0,0.24913295745736774
1227.0,-0.25063770143072833
1228.0,-0.0893609142089653
1229.0,-0.23090731003958445
1230.0,0.08076133601106406
1231.0,0.12408017101917934
1232.0,-0.19556051159134422
1233.0,0.292335633471062
1234.0,0.046824433670882515
1235.0,0.18872788241189564
1236.0,0.964776781944401
1237.0,-0.2524668309671756
1238.0,-0.09729691880252367
1239.0,0.3278354326271124
1240.0,0.1671554044723325
1241.0,-0.32040910260302674
1242.0,0.0846075799822234
1243.0,0.19075886076578663
1244.0,-0.059858559312890025
1245.0,0.15783624725917672
1246.0,0.6123367845928269
1247.0,-0.23035267065318973
1248.0,-0.030653370054561424
1249.0,-0.18430666949001695
1250.0,0.05799884851847781
1251.0,-0.11847743784831749
1252.0,-0.13456858741453603
1253.0,0.1328241745789624
1254.0,0.21579572540185304
1255.0,-0.16134221558599698
1256.0,-0.019144786535915226
1257.0,-0.22459766734831826
1258.0,0.25980139843886324
1259.0,0.37928187355196996
1260.0,0.30088776305383685
1261.0,0.062323496935167755
1262.0,0.5399617563267454
1263.0,0.17930879303809838
1264.0,-0.26231199982910525
1265.0,0.04725447884029366
1266.0,-0.23253954108002128
1267.0,-0.07096356310219121
1268.0,0.048380438997905895
1269.0,-0.32871624164890917
1270.0,-0.18293724122419466
1271.0,-0.23945798588399206
1272.0,-0.11702462663365959
1273.0,-0.12340482638219208
1274.0,-0.0271552947643649
1275.0,-0.029550129119082946
1276.0,-0.2783385792443913
1277.0,-0.22145385185376593
1278.0,0.1704505452785156
1279.0,-0.24488140736787878
1280.0,0.07462826349167007
1281.0,-0.14775166430089876
1282.0,0.11941362353921131
1283.0,-0.0829371533925734
1284.0,-0.05351380582395421
1285.0,0.561771836684229
1286.0,0.007895733059810117
1287.0,0.18174439928262714
1288.0,0.175074476008461
1289.0,-0.09747839675182812
1290.0,-0.03225079602087222
1291.0,0.1935882512691462
1292.0,-0.03540172375816092
1293.0,-0.2504763702925114
1294.0,-0.2296631519940395
1295.0,-0.17629118173564512
1296.0,0.22106640912168846
1297.0,0.33157264366000144
1298.0,0.3990375731052398
1299.0,0.12645860992949792
1300.0,0.3492454327423867
1301.0,0.29423608812745106
1302.0,-0.2875901161287103
1303.0,-0.31395955326957836
1304.0,-0.13311123590126617
1305.0,-0.0019130791642581468
1306.0,-0.015025556017466635
1307.0,-0.30040582068102084
1308.0,0.5167172803322542
1309.0,0.10918365717780754
1310.0,-0.09460765152792677
1311.0,-0.09516672323816383
1312.0,-0.20323249923051553
1313.0,-0.09225888721314646
1314.0,-0.14062339636304555
1315.0,-0.2252000024040733
1316.0,0.39994197202066906
1317.0,0.7698179517912589
1318.0,1.0133559766935303
1319.0,-0.1362813511788345
1320.0,-0.000626359114289543
1321.0,0.04750062534235572
1322.0,0.5162298307855226
1323.0,0.6597846145038311
1324.0,-0.0474081525129173
1325.0,0.20627619846034223
1326.0,-0.21212058239947418
1327.0,0.0243469218324861
1328.0,-0.23467998749900362
1329.0,-0.14883280992764208
1330.0,-0.21316002434565132
1331.0,0.19903712328594808
1332.0,-0.21894459621429424
1333.0,0.3113384352457743
1334.0,0.13327377515595767
1335.0,-0.038460283081629854
1336.0,0.001579533516173126
1337.0,0.7167439263145916
1338.0,0.8820322552941591
1339.0,-0.03916558642924778
1340.0,-0.22603828546544108
1341.0,0.03490979814172218
1342.0,-0.11451587973239913
1343.0,-0.0805002952195667
1344.0,-0.0984563870803265
1345.0,-0.2130161517003991
1346.0,0.05605262574113323
1347.0,-0.19535999145575172
1348.0,-0.04844790318526965
1349.0,0.08777097570833398
1350.0,-0.08657300605570634
1351.0,0.5641661232073292
1352.0,-0.1508986969399615
1353.0,-0.3046452675942264
1354.0,-0.1807114196980784
1355.0,0.1248235483655683
1356.0,0.7152787352256053
1357.0,0.09221478556388396
1358.0,0.4224267600599451
1359.0,0.14301819402329374
1360.0,0.21541355276477714
1361.0,-0.3126429452880569
1362.0,-0.30026207707528996
1363.0,-0.18399094625824464
1364.0,-0.32115456970876266
1365.0,-0.2462645210927785
1366.0,0.20108326635488594
1367.0,-0.03057819018849356
1368.0,0.522532198995338
1369.0,-0.03749408411465621
1370.0,0.0188940897824329
1371.0,0.3397966556013673
1372.0,-0.34834555099672293
1373.0,0.23713695650956845
1374.0,0.4915345872133037
1375.0,-0.0104775030661724
1376.0,0.4483639106532757
1377.0,-0.023472742580482375
1378.0,-0.0350182710447321
1379.0,-0.009966455639167593
1380.0,0.1980459817237749
1381.0,-0.056844833132434824
1382.0,-0.32401208336435744
1383.0,0.10607883827492454
1384.0,-0.025236092295892576
1385.0,0.2083009664391745
1386.0,0.23797383262575972
1387.0,-0.23116633369203216
1388.0,0.050894529582219794
1389.0,0.009655322081286333
1390.0,-0.08357138357047855
1391.0,-0.1014548540837582
1392.0,-0.12923794371718028
1393.0,0.6654120104041065
1394.0,-0.2224387711942386
1395.0,0.1728014491719959
1396.0,-0.14030292602199806
1397.0,0.13316879588857383
1398.0,-0.023397657693676743
1399.0,0.3340482777431411
1400.0,0.04750409203554473
1401.0,0.41860516221942656
1402.0,-0.08115844691050483
1403.0,0.39076393291145023
1404.0,0.07638318501742625
1405.0,0.03817978883688894
1406.0,-0.12689908471341116
1407.0,0.2328009168452881
1408.0,-0.2535160795801141
1409.0,0.044612650919307106
1410.0,0.029462938567065833
1411.0,0.02895769511903684
1412.0,-0.14042701869371293
1413.0,0.40333684786142865
1414.0,-0.05507196697089145
1415.0,-0.16337497525823164
1416.0,0.7877784285484737
1417.0,0.531833127621405
1418.0,0.10661684574677938
1419.0,0.26497809378552234
1420.0,0.38409176102254905
1421.0,0.15013905668365668
1422.0,0.1633942033921596
1423.0,-0.1311617153527993
1424.0,-0.17384309213181331
1425.0,-0.21099785375382915
1426.0,-0.13591892352138069
1427.0,0.028474633159841556
1428.0,-0.2812458853161732
1429.0,0.47295120337018276
1430.0,-0.12166944882765673
1431.0,0.12720275498014416
1432.0,-0.21881127862440933
1433.0,0.21888803650981342
1434.0,-0.015658075720704656
1435.0,0.035668132623993765
1436.0,-0.3584145208626912
1437.0,0.1815646389641442
1438.0,-0.12215365184253318
1439.0,0.2499661467360686
1440.0,0.1153197099102275
1441.0,0.3515178383708891
1442.0,0.24638472401101302
1443.0,0.012319382631121312
1444.0,0.09625850301121575
1445.0,-0.0198349558696021
1446.0,-0.2241783206640194
1447.0,0.023470040931267866
1448.0,0.7553693027105066
1449.0,0.18682673390417415
1450.0,-0.037929789744093056
1451.0,-0.25169936074609855
1452.0,-0.12531632761720146
1453.0,-0.24383120693376692
1454.0,0.015706285936377684
1455.0,-0.0858043118675702
1456.0,-0.2670374797390744
1457.0,0.1776307836643506
1458.0,-0.15870060975208206
1459.0,-0.07245045363207497
1460.0,0.14432522205185755
1461.0,-0.3361305261026275
1462.0,0.3212768567930252
1463.0,-0.2470900115642803
1464.0,-0.31355565269527297
1465.0,-0.13780587690578416
1466.0,-0.12515676657018981
1467.0,-0.23168458866669608
1468.0,0.07033400515944999
1469.0,0.17153720792789823
1470.0,-0.20317369294975562
1471.0,-0.25036944178553944
1472.0,-0.30046755458340135
1473.0,0.15201273260572384
1474.0,0.2203630919326195
1475.0,-0.1907695321885549
1476.0,-0.20205733114018015
1477.0,-0.3036689256493158
1478.0,-0.06277322194790447
1479.0,-0.06557673946984977
1480.0,0.7803965288413001
1481.0,0.3159480940879636
1482.0,-0.3361592392690983
1483.0,1.1144087602322088
1484.0,-0.1302240192998178
1485.0,-0.11971777499094188
1486.0,0.27368726498745133
1487.0,0.5543069050905636
1488.0,-0.18387811504358909
1489.0,0.5387106404873215
1490.0,-0.13232173244620343
1491.0,0.43895661627578375
1492.0,0.10174069472416991
1493.0,-0.06332210094219798
1494.0,0.051364402147514476
1495.0,0.14952430784929793
1496.0,-0.23001431644902254
1497.0,-0.3405611448779502
1498.0,0.2278764689029174
1499.0,0.6052630329843374
