Time,residuals
0.0,0.05053568415983088
1.0,0.06521705911048277
2.0,-0.09226590610764272
3.0,-0.0683314740068293
4.0,0.25176759013423583
5.0,-0.0869428152206392
6.0,0.04722157703184393
7.0,-0.06658223651904774
8.0,-0.052430076764972786
9.0,-0.1038539063625871
10.0,0.1518166311271372
11.0,-0.06619857561253367
12.0,0.2808719062940004
13.0,-0.007572802037481105
14.0,0.3176542652561495
15.0,0.1091384653475421
16.0,-0.08906466147170454
17.0,0.17801630324650008
18.0,0.4200944790356441
19.0,0.13424931001475504
20.0,-0.012548634425735991
21.0,-0.09656089231131149
22.0,-0.10145570589387547
23.0,0.0074310435712827
24.0,-0.0796007175750165
25.0,-0.1055537390967668
26.0,0.043740363576792715
27.0,-0.027928742898217077
28.0,-0.12116820212308821
29.0,0.04272358688180336
30.0,-0.09959768393299498
31.0,-0.025649527699652938
32.0,-0.11082005137553469
33.0,-0.11689932720426982
34.0,0.10110552725350926
35.0,-0.101270918733977
36.0,0.007384537678795294
37.0,-0.12053135300478714
38.0,-0.08175711027392343
39.0,-0.07226940210027333
40.0,-0.1239936184267121
41.0,-0.10497647903735488
42.0,0.12501351785460962
43.0,-0.10374552283041658
44.0,-0.10990632249466789
45.0,0.17800011571746557
46.0,0.08200185565439669
47.0,-0.02916638781153927
48.0,-0.10781918091194834
49.0,0.04886186527784342
50.0,0.5188072498280227
51.0,0.20740453881287235
52.0,0.03367762448366679
53.0,0.7415032389312001
54.0,-0.02680441332343718
55.0,-0.0832919239290427
56.0,-0.034384223259127766
57.0,-0.07271949386038495
58.0,0.18667472599854754
59.0,-0.12387553885739973
60.0,-0.026961487487720412
61.0,-0.06773849873424265
62.0,-0.121646863846742
63.0,-0.12141158874640674
64.0,0.3760815500772615
65.0,-0.022808399110366778
66.0,0.5492069179965529
67.0,-0.05461702827807299
68.0,0.17352767286555715
69.0,-0.03727235055803853
70.0,0.18180117605628462
71.0,-0.09342389830767946
72.0,-0.13362141225674734
73.0,-0.12375573836888468
74.0,0.09893419334308523
75.0,0.20064909792990357
76.0,-0.13579352928436528
77.0,0.05042758778404999
78.0,-0.01593952334467391
79.0,-0.030849285751388733
80.0,-0.13580541128375184
81.0,-0.06931201912411174
82.0,-0.1118936031610514
83.0,0.2199565817512603
84.0,0.17975594278683818
85.0,-0.11240995907131807
86.0,0.20769209068563826
87.0,-0.08461677824154278
88.0,-0.03725357055439524
89.0,0.009230736706238613
90.0,0.26705486110363374
91.0,0.14459951664270485
92.0,-0.11135577980542712
93.0,0.047203745070927144
94.0,0.021404729609835693
95.0,0.04628401243336222
96.0,-0.12211621497263225
97.0,0.2977176467536293
98.0,-0.12127782333142184
99.0,-0.09074196762480799
100.0,0.39598598559114717
101.0,-0.029762348088355484
102.0,-0.1351158316050397
103.0,-0.025540189537376107
104.0,0.26797184899708787
105.0,-0.13659177561469887
106.0,0.16753541360694496
107.0,-0.06803296314573569
108.0,-0.14410106946306694
109.0,0.18816015040075898
110.0,0.0219733652475938
111.0,0.34180072815563245
112.0,-0.08813888496642087
113.0,-0.03313568680956688
114.0,-0.023823847211826732
115.0,-0.003470757828239024
116.0,-0.11441256085782656
117.0,0.09625396667564454
118.0,-0.1415809836202074
119.0,0.22464548012000096
120.0,-0.09031304421724853
121.0,-0.0323056030524881
122.0,-0.02273647859556721
123.0,0.342828494499946
124.0,0.5195538175717076
125.0,-0.10629725011005262
126.0,-0.07848304098304014
127.0,0.12762249396443356
128.0,-0.07133993539059769
129.0,-0.1007553197003162
130.0,-0.1416528198581416
131.0,0.3129391008498289
132.0,-0.10701725510971531
133.0,0.025168214414701212
134.0,-0.029815800383317617
135.0,-0.09758154628735227
136.0,0.1995444021569082
137.0,-0.004686556778238066
138.0,-0.130621595810362
139.0,-0.05247515216165606
140.0,-0.12897501337242578
141.0,-0.03276398238543696
142.0,-0.07255149589820713
143.0,-0.12107901068795052
144.0,0.17178292466261508
145.0,0.0009290430034108454
146.0,0.5099581702418003
147.0,0.20922006731969073
148.0,0.06599513638447335
149.0,-0.09799756455334555
150.0,0.29652386447603174
151.0,0.16034713516048715
152.0,-0.10080817515998051
153.0,-0.09102155079468788
154.0,-0.06025316680905421
155.0,0.1568946490129789
156.0,-0.09980148154640806
157.0,-0.09550221738730313
158.0,-0.12099695687618708
159.0,-0.09238483514455006
160.0,0.07692531069015535
161.0,-0.0011918861138952297
162.0,-0.130752820614547
163.0,0.08168218090240642
164.0,-0.09679865359633949
165.0,-0.1251138775240855
166.0,0.23819486782421215
167.0,-0.08421679646308469
168.0,-0.09002177926464172
169.0,-0.0929176775921052
170.0,0.10803007755596372
171.0,-0.1046283059261123
172.0,-0.03985118574322993
173.0,0.17404792831273938
174.0,-0.04063345113644158
175.0,0.0499335414218996
176.0,0.08663313763487548
177.0,-0.08556267943428787
178.0,-0.10411053669600823
179.0,-0.12411037194541355
180.0,-0.012037116454893235
181.0,0.7721626666951211
182.0,0.20445962431378922
183.0,0.03385959052387902
184.0,-0.1170030662858833
185.0,0.13350096116952714
186.0,-0.08796949462891343
187.0,-0.08586165339131933
188.0,-0.08542667828890078
189.0,-0.057562181425912656
190.0,-0.08492745655790875
191.0,0.3620746605431189
192.0,0.09246721579798206
193.0,-0.1039999440573241
194.0,0.24297065430656
195.0,0.10004971396385903
196.0,-0.008543710224496182
197.0,-0.0746835627035816
198.0,-0.06911186733131315
199.0,0.2553577459562373
200.0,-0.008074463661814524
201.0,0.012165197634644465
202.0,-0.011635718447438673
203.0,-0.06828644827879704
204.0,0.3385726490401284
205.0,0.017433974344683106
206.0,0.09283658092178537
207.0,-0.03012060993129946
208.0,0.4395266939717837
209.0,0.06809318166364212
210.0,-0.10821725020043468
211.0,-0.0816290439762289
212.0,-0.10745787869464482
213.0,-0.005186193670008776
214.0,-0.14030878576584715
215.0,-0.12371952843531364
216.0,0.19788761851145212
217.0,-0.02585886983867429
218.0,-0.1382023871881159
219.0,-0.006471283071190437
220.0,-0.1009461621161336
221.0,-0.10113462116082134
222.0,0.29576775470222516
223.0,-0.030090892513630285
224.0,-0.023792984516660565
225.0,-0.0947936216082634
226.0,-0.12343178146497345
227.0,0.14588590929392845
228.0,-0.026511367676334635
229.0,0.0029949935397722005
230.0,0.04423762417596064
231.0,-0.11111526207650954
232.0,0.0467365517551164
233.0,0.05316910833724017
234.0,-0.023670775970963023
235.0,-0.14213188458508078
236.0,-0.04060835007026027
237.0,-0.06571429238988963
238.0,-0.1370341818932752
239.0,0.6605037427552924
240.0,0.26141113264009996
241.0,0.08859821143118701
242.0,0.09895217507742321
243.0,-0.09238908094584986
244.0,-0.07118998268930284
245.0,0.16091053984784462
246.0,-0.08105566520078217
247.0,0.112769650160402
248.0,0.6184266597378352
249.0,0.2289109348123639
250.0,-0.05366844213757452
251.0,-0.06596169906137074
252.0,0.24721731739153463
253.0,0.06703423384203053
254.0,-0.0642538041407192
255.0,-0.0030417261208142143
256.0,0.33242018790058225
257.0,-0.054780224835998564
258.0,-0.048953013610808505
259.0,-0.061201472896253814
260.0,-0.06917863536245743
261.0,0.04514122590179581
262.0,-0.038719947297477506
263.0,0.13223370430487294
264.0,-0.13655679256674683
265.0,-0.08403659713115827
266.0,0.2702735101117728
267.0,0.04759393466449291
268.0,0.006833970639978648
269.0,-0.07470622413738373
270.0,-0.108488453797872
271.0,0.7170145886031896
272.0,0.4583053802536502
273.0,-0.026161337544734695
274.0,-0.03596178069923128
275.0,0.02016069263288997
276.0,-0.032967160426876446
277.0,0.3847877374258346
278.0,0.05042068902462815
279.0,-0.06614285521248683
280.0,-0.11172981854086164
281.0,0.12014745840044794
282.0,-0.10786651770811928
283.0,0.05706977489838491
284.0,-0.14098503836737722
285.0,0.054445011098845864
286.0,-0.04784257814308131
287.0,-0.06065891207207941
288.0,-0.11759585607860065
289.0,-0.037099778791628
290.0,-0.10685394233694881
291.0,-0.08396945280948484
292.0,-0.1362244424633691
293.0,0.19391640465572127
294.0,-0.039751976931238
295.0,-0.07354171922374002
296.0,0.2854864339836167
297.0,-0.02974767193749911
298.0,-0.10484337891236994
299.0,-0.003667710767853688
300.0,-0.13097735959398482
301.0,-0.04727672809149713
302.0,-0.12480886436608424
303.0,-0.1250645153098596
304.0,0.1629718307285677
305.0,0.025473776192519115
306.0,-0.09160444104327017
307.0,-0.11897870328173023
308.0,-0.06962115596074932
309.0,-0.054203303528002275
310.0,0.07714954857040995
311.0,-0.07458905830250244
312.0,-0.10378584084071205
313.0,0.2829926944005917
314.0,0.15047115557178128
315.0,0.16490392258835418
316.0,-0.05165712273634111
317.0,0.38726348900675056
318.0,-0.06345309984450506
319.0,-0.14850464606357996
320.0,0.2237311298924535
321.0,0.01957087421241771
322.0,0.5329386612985745
323.0,0.0949015658550253
324.0,-0.07766784671956821
325.0,0.5491543810072388
326.0,0.010264310948056604
327.0,0.050775953634990545
328.0,-0.009107277570671424
329.0,-0.11603897300674884
330.0,-0.11445329559743134
331.0,-0.03828823082518032
332.0,0.18125527302651803
333.0,0.10070416004915217
334.0,-0.0602683170718437
335.0,-0.08509328059086917
336.0,-0.1365657671118914
337.0,-0.15661741544317934
338.0,-0.1213441808887767
339.0,-0.13655409806472002
340.0,-0.11306084896780566
341.0,-0.013954270330968993
342.0,0.035761197684590657
343.0,-0.1304132736719954
344.0,0.243068446626679
345.0,0.09728771634331479
346.0,-0.10711577175226925
347.0,0.13747729523015068
348.0,0.11772048872402452
349.0,-0.05306613319272499
350.0,-0.06619861030856408
351.0,0.012415266565129174
352.0,0.006325793081309983
353.0,0.34915690111527525
354.0,-0.06738888514327276
355.0,-0.14497311165504953
356.0,0.19503209253282988
357.0,-0.09044768504969608
358.0,-0.03250120198616305
359.0,0.08414660210228286
360.0,0.03694926699723167
361.0,-0.07260629526008805
362.0,0.057594124990908435
363.0,-0.12060495341611463
364.0,-0.1441274001186044
365.0,0.1401629531914198
366.0,-0.16906693728893324
367.0,0.3568858514482417
368.0,0.03471660107304739
369.0,-0.12869394417008556
370.0,0.5802094129651426
371.0,0.5636135854496462
372.0,0.16941131573870247
373.0,-0.146923291982964
374.0,-0.20364197572162418
375.0,0.6398529329418655
376.0,0.33444272426357224
377.0,-0.10999432523029036
378.0,-0.041167547820155276
379.0,0.0009537531131847965
380.0,0.7545339218682414
381.0,0.5967082314436208
382.0,-0.09019198057159206
383.0,0.36117611376121617
384.0,-0.06123661661910493
385.0,-0.12626683503981923
386.0,0.3624114341494178
387.0,-0.039262222705491984
388.0,-0.19776475855442893
389.0,0.06395923148455826
390.0,0.14971573143282146
391.0,0.07977536311554467
392.0,0.14680712129841555
393.0,-0.08733734079445243
394.0,0.3191445356764596
395.0,-0.17394210303732918
396.0,0.1518674240317475
397.0,-0.03165862578559078
398.0,-0.031071213655550545
399.0,-0.08226898123961779
400.0,-0.20735697212597978
401.0,0.06865897175130112
402.0,0.35673527917451553
403.0,0.6010634643558175
404.0,0.2784744577441186
405.0,0.034802294007420104
406.0,-0.056455829413926684
407.0,-0.18307220914109373
408.0,0.13795028983058277
409.0,0.027702924291317516
410.0,-0.039421143770180245
411.0,-0.11053257563841927
412.0,0.27507447154861864
413.0,-0.1865705457120143
414.0,0.24336123161810475
415.0,-0.15187669455973274
416.0,0.11829653458571177
417.0,0.17986374716064693
418.0,-0.0020475472864130984
419.0,0.0152695721683698
420.0,-0.12454113235939757
421.0,-0.16974510518637378
422.0,0.30601822306762794
423.0,0.019347545256215293
424.0,0.02223654409937892
425.0,-0.05268708899621277
426.0,-0.11836416189209983
427.0,-0.18221311362148118
428.0,0.0001849001145042828
429.0,-0.18222444686940473
430.0,0.1793376946417258
431.0,0.30743432675124294
432.0,-0.08708667346402346
433.0,-0.13400654430169565
434.0,0.2426540701693546
435.0,0.04988313945402434
436.0,-0.06994831759857763
437.0,0.5791367442202756
438.0,0.16662404344575169
439.0,-0.11197921188562573
440.0,-0.1646550908019021
441.0,-0.14059635086880956
442.0,0.052244927294823384
443.0,-0.09699028733439918
444.0,0.5649466806621692
445.0,0.20683467506014133
446.0,-0.06508938090525601
447.0,-0.13993095628679653
448.0,-0.16610414538844948
449.0,-0.009724697980946745
450.0,0.10425424071857739
451.0,-0.0026379586977264557
452.0,0.01357714702740051
453.0,-0.08185454082622816
454.0,-0.1545426392365376
455.0,0.6488778893997409
456.0,0.10213879025702982
457.0,-0.11815714451404234
458.0,-0.10262224983819039
459.0,0.013366254095792285
460.0,-0.12472574203236272
461.0,0.15237406688490213
462.0,0.012728055244676295
463.0,-0.08482895055334062
464.0,-0.138895969994145
465.0,0.08524371733999286
466.0,-0.041542021368962526
467.0,0.14195918599727658
468.0,-0.060155957150097195
469.0,0.01082652867983605
470.0,-0.00625402924359153
471.0,-0.10978082806799475
472.0,0.5632939303665119
473.0,0.5156682318131423
474.0,0.0851155621950854
475.0,-0.09504357573806675
476.0,0.6073988451990807
477.0,0.14102023032752034
478.0,-0.1479254567260871
479.0,-0.10369987517571624
480.0,-0.0338355631498229
481.0,-0.11234735662521496
482.0,-0.02726795566964038
483.0,-0.029303402062897693
484.0,0.9507409223776877
485.0,0.6517357565275228
486.0,0.4161534302392884
487.0,0.03359006698592584
488.0,-0.06513625769888014
489.0,-0.07917576678020313
490.0,0.45220976232295607
491.0,0.08407291617337126
492.0,-0.14908560301847606
493.0,-0.09843516469778159
494.0,-0.12363985594238547
495.0,-0.1529532659278227
496.0,0.38946451789815395
497.0,0.045065028692641174
498.0,-0.13263894497248863
499.0,-0.09332724803898346
500.0,0.21827018992734235
501.0,-0.027112308184333272
502.0,-0.1667455314675022
503.0,-0.15704196378060017
504.0,0.15793127245482172
505.0,0.15628650232206526
506.0,0.06420029171758593
507.0,-0.06526397558023135
508.0,-0.08910925352528733
509.0,0.17840581255194427
510.0,0.1846974732937453
511.0,0.08388015517317715
512.0,-0.019816417428736632
513.0,-0.12774468147594958
514.0,-0.13816891590297825
515.0,-0.17526680590859697
516.0,0.11198122420405868
517.0,-0.1715134114273699
518.0,-0.15436123256979772
519.0,-0.15586651545467944
520.0,-0.08031831075317046
521.0,0.18816221826931057
522.0,-0.17901458631433514
523.0,-0.12118208650982978
524.0,-0.07494399280921249
525.0,-0.158947329299062
526.0,-0.19210329253033342
527.0,0.4706628965046774
528.0,0.4887239583012883
529.0,0.33892334371990573
530.0,0.48968588672040525
531.0,0.07123097634762526
532.0,0.05767237818888482
533.0,-0.06644921748481028
534.0,-0.11885487886213202
535.0,-0.03707923044236977
536.0,-0.18176047147065313
537.0,0.3502762655872166
538.0,-0.02125598514974994
539.0,-0.21855940917888156
540.0,0.48365652655389413
541.0,0.2641534710368844
542.0,0.041555630764347984
543.0,-0.03285887313448599
544.0,-0.17476871520333404
545.0,0.8737982912726636
546.0,0.1835621690127783
547.0,0.12140747193187712
548.0,-0.17993150502182795
549.0,-0.17565626093006054
550.0,0.08403855217250122
551.0,-0.07097419857221823
552.0,-0.26066555277946796
553.0,0.05029391394098781
554.0,0.23715968907295598
555.0,-0.23808482456105895
556.0,-0.24147798672001086
557.0,0.04101651934012651
558.0,0.0635530786943303
559.0,0.02821033655177929
560.0,-0.22058110163952566
561.0,-0.09996829702012239
562.0,-0.20607635712959776
563.0,0.21712164610252022
564.0,-0.21688332990586923
565.0,-0.1633594153449618
566.0,-0.21600845148896572
567.0,-0.2933451178278228
568.0,-0.09564515042149713
569.0,-0.04455083150532996
570.0,-0.2687788633838634
571.0,0.39876612243238946
572.0,0.11811458112342971
573.0,-0.15755954611001335
574.0,0.43708576991243914
575.0,0.2904429753568413
576.0,0.1430679096839063
577.0,0.6071577076147379
578.0,0.44426648431913945
579.0,0.2881632951538004
580.0,0.367638266879531
581.0,0.4217058701733751
582.0,0.047324635386601976
583.0,-0.09760803926686007
584.0,-0.2574932813119889
585.0,-0.2802026301225768
586.0,0.4367892189683806
587.0,0.05086660336228277
588.0,-0.24601207349778076
589.0,0.17317881995989087
590.0,-0.2253699269259866
591.0,-0.25254087076562837
592.0,0.433038361817063
593.0,0.3381911058667289
594.0,0.15084441292973694
595.0,0.10459525178897056
596.0,0.1292649003538031
597.0,0.015118906904682983
598.0,-0.2729901863168618
599.0,-0.047818800557027974
600.0,0.22107687397245096
601.0,-0.04948927203422315
602.0,-0.20035755167467076
603.0,-0.3490841805474296
604.0,-0.17221265166488753
605.0,-0.3029581950714244
606.0,-0.12943689952514337
607.0,-0.4555058583686547
608.0,0.05507566778030509
609.0,-0.05524106421979286
610.0,-0.23152060484489762
611.0,-0.3782953482876743
612.0,-0.41779586941477653
613.0,-0.46431142654941204
614.0,0.14098026100687566
615.0,-0.2171984081725823
616.0,-0.4983931118499429
617.0,0.23190176551231478
618.0,0.11677611477443006
619.0,0.11150186596568201
620.0,0.2937415311491487
621.0,0.03135948268680755
622.0,0.2074585344882074
623.0,0.41607916492038577
624.0,0.8325247410221639
625.0,1.2609555824032908
626.0,1.0288480390004264
627.0,0.9727149574591558
628.0,0.8246716038857463
629.0,0.6356804675910506
630.0,0.6391423261221668
631.0,0.42247598783388063
632.0,0.8511299447964649
633.0,0.6221224403793496
634.0,0.6980804043610416
635.0,0.8139959732749723
636.0,0.7280374641917663
637.0,1.0792355513532992
638.0,1.2527499764519827
639.0,0.4736177582598715
640.0,-0.3843331917454006
641.0,-0.4914388660426338
642.0,-0.5982080223685673
643.0,-0.38863102211503864
644.0,-0.014374485159418193
645.0,-0.29969787824228133
646.0,-0.3062261654478192
647.0,-0.4024864770205824
648.0,-0.27802434388982533
649.0,-0.31137036008887564
650.0,-0.43767870405030096
651.0,-0.3162846191393284
652.0,-0.509969556383601
653.0,-0.6131310057804571
654.0,-0.6704204409221673
655.0,0.22139277645053146
656.0,0.26291463706457585
657.0,0.4172039653542047
658.0,0.19074616473860406
659.0,0.2943841663446225
660.0,0.5130861734996144
661.0,0.49219855426953296
662.0,0.41383430390068576
663.0,0.8068842808939882
664.0,0.603087159773452
665.0,0.4333059989446123
666.0,0.6647265392125318
667.0,0.3513134358032727
668.0,0.11252550893277091
669.0,-0.4247238206098568
670.0,-0.5456451771857208
671.0,-0.5290045810815611
672.0,-0.4534757382583616
673.0,-0.3985892219296555
674.0,-0.5751557950898043
675.0,-0.21618475304155882
676.0,-0.1815125575871841
677.0,
678.0,
679.0,
680.0,
681.0,
682.0,
683.0,
684.0,
685.0,
686.0,
687.0,
688.0,
689.0,
690.0,
691.0,
692.0,
693.0,
694.0,
695.0,
696.0,
697.0,
698.0,
699.0,
700.0,
701.0,
702.0,
703.0,
704.0,
705.0,
706.0,
707.0,
708.0,
709.0,
710.0,
711.0,
712.0,
713.0,
714.0,
715.0,
716.0,
717.0,
718.0,
719.0,
720.0,
721.0,
722.0,
723.0,
724.0,
725.0,
726.0,
727.0,
728.0,
729.0,
730.0,
731.0,
732.0,
733.0,
734.0,
735.0,
736.0,
737.0,
738.0,
739.0,
740.0,
741.0,
742.0,
743.0,
744.0,
745.0,
746.0,
747.0,
748.0,
749.0,
750.0,
751.0,
752.0,
753.0,
754.0,
755.0,
756.0,
757.0,
758.0,
759.0,
760.0,
761.0,
762.0,
763.0,
764.0,
765.0,
766.0,
767.0,
768.0,
769.0,
770.0,
771.0,
772.0,
773.0,
774.0,
775.0,
776.0,
777.0,
778.0,
779.0,
780.0,
781.0,
782.0,
783.0,
784.0,
785.0,
786.0,
787.0,
788.0,
789.0,
790.0,
791.0,
792.0,
793.0,
794.0,
795.0,
796.0,
797.0,
798.0,
799.0,
800.0,
801.0,
802.0,
803.0,
804.0,
805.0,
806.0,
807.0,
808.0,
809.0,
810.0,
811.0,
812.0,
813.0,
814.0,
815.0,
816.0,
817.0,
818.0,
819.0,
820.0,
821.0,
822.0,
823.0,
824.0,
825.0,
826.0,
827.0,
828.0,
829.0,
830.0,
831.0,
832.0,
833.0,
834.0,
835.0,
836.0,
837.0,
838.0,
839.0,
840.0,
841.0,
842.0,
843.0,
844.0,
845.0,
846.0,
847.0,
848.0,
849.0,
850.0,
851.0,
852.0,
853.0,
854.0,
855.0,
856.0,
857.0,
858.0,
859.0,
860.0,
861.0,
862.0,
863.0,
864.0,
865.0,
866.0,
867.0,
868.0,
869.0,
870.0,
871.0,
872.0,
873.0,
874.0,
875.0,
876.0,
877.0,
878.0,
879.0,
880.0,
881.0,
882.0,
883.0,
884.0,
885.0,
886.0,
887.0,
888.0,
889.0,
890.0,
891.0,
892.0,
893.0,
894.0,
895.0,
896.0,
897.0,
898.0,
899.0,
900.0,
901.0,
902.0,
903.0,
904.0,
905.0,
906.0,
907.0,
908.0,
909.0,
910.0,
911.0,
912.0,
913.0,
914.0,
915.0,
916.0,
917.0,
918.0,
919.0,
920.0,
921.0,
922.0,
923.0,
924.0,
925.0,
926.0,
927.0,
928.0,
929.0,
930.0,
931.0,
932.0,
933.0,
934.0,
935.0,
936.0,
937.0,
938.0,
939.0,
940.0,
941.0,
942.0,
943.0,
944.0,
945.0,
946.0,
947.0,
948.0,
949.0,
950.0,
951.0,
952.0,
953.0,
954.0,
955.0,
956.0,
957.0,
958.0,
959.0,
960.0,
961.0,
962.0,
963.0,
964.0,
965.0,
966.0,
967.0,
968.0,
969.0,
970.0,
971.0,
972.0,
973.0,
974.0,
975.0,
976.0,
977.0,
978.0,
979.0,
980.0,
981.0,
982.0,
983.0,
984.0,
985.0,
986.0,
987.0,
988.0,
989.0,
990.0,
991.0,
992.0,
993.0,
994.0,
995.0,
996.0,
997.0,
998.0,
999.0,
1000.0,
1001.0,
1002.0,
1003.0,
1004.0,
1005.0,
1006.0,
1007.0,
1008.0,
1009.0,
1010.0,
1011.0,
1012.0,
1013.0,
1014.0,
1015.0,
1016.0,
1017.0,
1018.0,
1019.0,
1020.0,
1021.0,
1022.0,
1023.0,
1024.0,
1025.0,
1026.0,
1027.0,
1028.0,
1029.0,
1030.0,
1031.0,
1032.0,
1033.0,
1034.0,
1035.0,
1036.0,
1037.0,
1038.0,
1039.0,
1040.0,
1041.0,
1042.0,
1043.0,
1044.0,
1045.0,
1046.0,
1047.0,
1048.0,
1049.0,
1050.0,
1051.0,
1052.0,
1053.0,
1054.0,
1055.0,
1056.0,
1057.0,
1058.0,
1059.0,
1060.0,
1061.0,
1062.0,
1063.0,
1064.0,
1065.0,
1066.0,
1067.0,
1068.0,
1069.0,
1070.0,
1071.0,
1072.0,
1073.0,
1074.0,
1075.0,
1076.0,
1077.0,
1078.0,
1079.0,
1080.0,
1081.0,
1082.0,
1083.0,
1084.0,
1085.0,
1086.0,
1087.0,
1088.0,
1089.0,
1090.0,
1091.0,
1092.0,
1093.0,
1094.0,
1095.0,
1096.0,
1097.0,
1098.0,
1099.0,
1100.0,
1101.0,
1102.0,
1103.0,
1104.0,
1105.0,
1106.0,
1107.0,
1108.0,
1109.0,
1110.0,
1111.0,
1112.0,
1113.0,
1114.0,
1115.0,
1116.0,
1117.0,
1118.0,
1119.0,
1120.0,
1121.0,
1122.0,
1123.0,
1124.0,
1125.0,
1126.0,
1127.0,
1128.0,
1129.0,
1130.0,
1131.0,
1132.0,
1133.0,
1134.0,
1135.0,
1136.0,
1137.0,
1138.0,
1139.0,
1140.0,
1141.0,
1142.0,
1143.0,
1144.0,
1145.0,
1146.0,
1147.0,
1148.0,
1149.0,
1150.0,
1151.0,
1152.0,
1153.0,
1154.0,
1155.0,
1156.0,
1157.0,
1158.0,
1159.0,
1160.0,
1161.0,
1162.0,
1163.0,
1164.0,
1165.0,
1166.0,
1167.0,
1168.0,
1169.0,
1170.0,
1171.0,
1172.0,
1173.0,
1174.0,
1175.0,
1176.0,
1177.0,
1178.0,
1179.0,
1180.0,
1181.0,
1182.0,
1183.0,
1184.0,
1185.0,
1186.0,
1187.0,
1188.0,
1189.0,
1190.0,
1191.0,
1192.0,
1193.0,
1194.0,
1195.0,
1196.0,
1197.0,
1198.0,
1199.0,
1200.0,
1201.0,
1202.0,
1203.0,
1204.0,
1205.0,
1206.0,
1207.0,
1208.0,
1209.0,
1210.0,
1211.0,
1212.0,
1213.0,
1214.0,
1215.0,
1216.0,
1217.0,
1218.0,
1219.0,
1220.0,
1221.0,
1222.0,
1223.0,
1224.0,
1225.0,
1226.0,
1227.0,
1228.0,
1229.0,
1230.0,
1231.0,
1232.0,
1233.0,
1234.0,
1235.0,
1236.0,
1237.0,
1238.0,
1239.0,
1240.0,
1241.0,
1242.0,
1243.0,
1244.0,
1245.0,
1246.0,
1247.0,
1248.0,
1249.0,
1250.0,
1251.0,
1252.0,
1253.0,
1254.0,
1255.0,
1256.0,
1257.0,
1258.0,
1259.0,
1260.0,
1261.0,
1262.0,
1263.0,
1264.0,
1265.0,
1266.0,
1267.0,
1268.0,
1269.0,
1270.0,
1271.0,
1272.0,
1273.0,
1274.0,
1275.0,
1276.0,
1277.0,
1278.0,
1279.0,
1280.0,
1281.0,
1282.0,
1283.0,
1284.0,
1285.0,
1286.0,
1287.0,
1288.0,
1289.0,
1290.0,
1291.0,
1292.0,
1293.0,
1294.0,
1295.0,
1296.0,
1297.0,
1298.0,
1299.0,
1300.0,
1301.0,
1302.0,
1303.0,
1304.0,
1305.0,
1306.0,
1307.0,
1308.0,
1309.0,
1310.0,
1311.0,
1312.0,
1313.0,
1314.0,
1315.0,
1316.0,
1317.0,
1318.0,
1319.0,
1320.0,
1321.0,
1322.0,
1323.0,
1324.0,
1325.0,
1326.0,
1327.0,
1328.0,
1329.0,
1330.0,
1331.0,
1332.0,
1333.0,
1334.0,
1335.0,
1336.0,
1337.0,
1338.0,
1339.0,
1340.0,
1341.0,
1342.0,
1343.0,
1344.0,
1345.0,
1346.0,
1347.0,
1348.0,
1349.0,
1350.0,
1351.0,
1352.0,
1353.0,
1354.0,
1355.0,
1356.0,
1357.0,
1358.0,
1359.0,
1360.0,
1361.0,
1362.0,
1363.0,
1364.0,
1365.0,
1366.0,
1367.0,
1368.0,
1369.0,
1370.0,
1371.0,
1372.0,
1373.0,
1374.0,
1375.0,
1376.0,
1377.0,
1378.0,
1379.0,
1380.0,
1381.0,
1382.0,
1383.0,
1384.0,
1385.0,
1386.0,
1387.0,
1388.0,
1389.0,
1390.0,
1391.0,
1392.0,
1393.0,
1394.0,
1395.0,
1396.0,
1397.0,
1398.0,
1399.0,
1400.0,
1401.0,
1402.0,
1403.0,
1404.0,
1405.0,
1406.0,
1407.0,
1408.0,
1409.0,
1410.0,
1411.0,
1412.0,
1413.0,
1414.0,
1415.0,
1416.0,
1417.0,
1418.0,
1419.0,
1420.0,
1421.0,
1422.0,
1423.0,
1424.0,
1425.0,
1426.0,
1427.0,
1428.0,
1429.0,
1430.0,
1431.0,
1432.0,
1433.0,
1434.0,
1435.0,
1436.0,
1437.0,
1438.0,
1439.0,
1440.0,
1441.0,
1442.0,
1443.0,
1444.0,
1445.0,
1446.0,
1447.0,
1448.0,
1449.0,
1450.0,
1451.0,
1452.0,
1453.0,
1454.0,
1455.0,
1456.0,
1457.0,
1458.0,
1459.0,
1460.0,
1461.0,
1462.0,
1463.0,
1464.0,
1465.0,
1466.0,
1467.0,
1468.0,
1469.0,
1470.0,
1471.0,
1472.0,
1473.0,
1474.0,
1475.0,
1476.0,
1477.0,
1478.0,
1479.0,
1480.0,
1481.0,
1482.0,
1483.0,
1484.0,
1485.0,
1486.0,
1487.0,
1488.0,
1489.0,
1490.0,
1491.0,
1492.0,
1493.0,
1494.0,
1495.0,
1496.0,
1497.0,
1498.0,
1499.0,
