Time,residuals
0.0,-0.12036023974984175
1.0,-0.19675791331968018
2.0,0.36583806284904563
3.0,0.32812356133383475
4.0,-0.24713401307914473
5.0,-0.15511239602026478
6.0,0.12107740705849929
7.0,0.0907153957522075
8.0,-0.02108577395152833
9.0,-0.19568412569432247
10.0,0.04201090675411151
11.0,-0.16154791045962677
12.0,0.6718871623369833
13.0,-0.03067660923686963
14.0,-0.14423713121048515
15.0,-0.2030144609562467
16.0,0.06521715642022646
17.0,0.005039083568358971
18.0,0.050449692938433655
19.0,0.18360773791284235
20.0,0.05495545360173176
21.0,0.5171037529617977
22.0,0.23895874937375888
23.0,-0.10317788687189233
24.0,-0.2285454039453028
25.0,-0.1858995070312982
26.0,0.3508657446684603
27.0,-0.19682445205373372
28.0,0.12609536909954844
29.0,0.09738184828615531
30.0,-0.20270187776428478
31.0,-0.19267289065079268
32.0,0.013794396216046556
33.0,-0.12323627826427139
34.0,-0.14958997637521645
35.0,-0.05935936053754165
36.0,0.26781265165416324
37.0,-0.15573972488679744
38.0,-0.04329284991484342
39.0,-0.22323272975869293
40.0,-0.10245027235645768
41.0,-0.18990333358771175
42.0,-0.10907239908101488
43.0,-0.22384649063231615
44.0,0.3347679657515655
45.0,-0.18544503451164215
46.0,0.01683409985741019
47.0,0.02549852118667112
48.0,-0.2311421216688519
49.0,-0.17428256724616017
50.0,0.0761647986452264
51.0,0.31381773531097024
52.0,0.3099926473745668
53.0,0.2852700094171842
54.0,0.4536727664418699
55.0,-0.14985237538929536
56.0,-0.2589250177755279
57.0,0.8867142255666127
58.0,-0.20003328172532586
59.0,-0.20461008045273119
60.0,-0.14892674579380105
61.0,-0.03528273425449757
62.0,0.07407316008518555
63.0,0.10729378695244496
64.0,0.5220799014221535
65.0,0.4914065693327599
66.0,-0.04328369669247259
67.0,0.21881989971127808
68.0,-0.24422146473481968
69.0,-0.15179891693428632
70.0,0.2814893040956964
71.0,0.5674905916458717
72.0,0.32070502984212906
73.0,0.017186468690331913
74.0,0.21923946961457014
75.0,-0.22050567730755988
76.0,-0.058076644218283985
77.0,-0.05613507639316953
78.0,-0.14751953930509318
79.0,0.15474904786707255
80.0,0.13473328280579994
81.0,-0.12005754689899026
82.0,-0.12773504108119874
83.0,-0.2046261121115789
84.0,0.37365351409050895
85.0,0.17390472302381343
86.0,0.13505241688825065
87.0,-0.041855354437753206
88.0,-0.09900420450551883
89.0,-0.24145017844246397
90.0,0.0525791768364989
91.0,-0.14709574838805528
92.0,-0.2475733355312808
93.0,-0.17649825825254184
94.0,0.027830874374056458
95.0,-0.06121886403781682
96.0,0.022488544465869398
97.0,-0.2410304199231288
98.0,-0.04289295429565096
99.0,-0.20224873976345686
100.0,0.05773942490480116
101.0,0.05139756356223524
102.0,0.029894525232788183
103.0,-0.008956627725901195
104.0,-0.23365334383138175
105.0,-0.10443771215046721
106.0,-0.09111168300552278
107.0,-0.22370042694995146
108.0,0.1311719537660087
109.0,0.061726027560463886
110.0,0.40727494612958126
111.0,-0.23538219684371026
112.0,-0.21459419702651988
113.0,-0.16533180328890695
114.0,-0.2257762929144486
115.0,0.3081779363904569
116.0,-0.020248403949178595
117.0,0.16147981334461187
118.0,-0.11019078349320569
119.0,-0.11871462879553776
120.0,0.4860600838904537
121.0,0.710788727559585
122.0,-0.10775206882999436
123.0,0.2004505384844687
124.0,-0.017973752519240993
125.0,-0.2255525795835504
126.0,-0.19704063721903559
127.0,-0.195475408914367
128.0,-0.23059329004531293
129.0,-0.1052639538810812
130.0,-0.02914633937488781
131.0,0.03638147567678662
132.0,0.42806663549130003
133.0,-0.19660212017088957
134.0,0.3823861160728791
135.0,-0.15983624579475092
136.0,-0.09691641962256997
137.0,0.503621641394563
138.0,0.7058754944782643
139.0,-0.0688228136542858
140.0,-0.12973257419647033
141.0,-0.2494175854575817
142.0,0.14688697397913347
143.0,0.14354050949189945
144.0,-0.057544536144366554
145.0,-0.2272110057054346
146.0,0.2904195447063567
147.0,-0.2108081199151756
148.0,-0.09927347329297176
149.0,0.5659644340940866
150.0,0.02825501815732251
151.0,0.05649652007674455
152.0,-0.1733693947979849
153.0,0.07030358918693752
154.0,-0.11730121067492244
155.0,0.8624404405341891
156.0,0.5429307390165377
157.0,-0.1547382539424832
158.0,0.17704906231870654
159.0,-0.03406692009223003
160.0,0.06809428165489251
161.0,-0.12780666235966415
162.0,0.9555497488010909
163.0,-0.2439425517897877
164.0,-0.061495725998430034
165.0,0.054480022787144866
166.0,-0.24173783378017613
167.0,0.7944010063140502
168.0,-0.1906485667277158
169.0,-0.04581553014839998
170.0,-0.2219613144353217
171.0,-0.21105151242086484
172.0,-0.252760884221628
173.0,-0.12519442378623055
174.0,0.8006153318483133
175.0,0.15549532872440835
176.0,-0.020732632932964123
177.0,-0.2117232889919397
178.0,0.7388568360382817
179.0,-0.07846630703403162
180.0,0.4620559047619603
181.0,-0.18917988277838504
182.0,0.18396420343060316
183.0,-0.10202952182295871
184.0,-0.20601845418437317
185.0,-0.06508846525793288
186.0,-0.15377776024361478
187.0,-0.10812982643129843
188.0,-0.27858090793551915
189.0,-0.008571718766838266
190.0,-0.2860680437730627
191.0,-0.12829283935083807
192.0,0.002956570994871899
193.0,-0.28186634237941843
194.0,-0.09211866396242127
195.0,0.3265003788030574
196.0,0.589297605199977
197.0,0.13950091146993032
198.0,-0.11421280550718196
199.0,0.17529276042788827
200.0,-0.2468011137191447
201.0,-0.08349689115997311
202.0,0.2368651130195552
203.0,-0.0011542207066382315
204.0,-0.28265624696593106
205.0,-0.19505051157810221
206.0,0.168372783346663
207.0,-0.10553041456486711
208.0,0.1958545627525458
209.0,-0.22962552914490647
210.0,0.04796099992608155
211.0,0.17190712397140073
212.0,-0.16099078053963917
213.0,0.3217815121600515
214.0,0.14481463081856005
215.0,0.4291857441430794
216.0,-0.2885320295860314
217.0,0.32524123021424706
218.0,-0.2992305097223917
219.0,-0.2397505982365967
220.0,0.11030012045669779
221.0,-0.09946366919039887
222.0,0.6486680881128091
223.0,-0.02036957500413944
224.0,0.5863992895865144
225.0,-0.09204706666473222
226.0,0.1273995796327626
227.0,0.40209815168192226
228.0,0.05654520157167159
229.0,0.11216258075060775
230.0,-0.1617448044747406
231.0,0.4163879140915175
232.0,0.313910147208574
233.0,0.585597710597821
234.0,-0.07668618857701637
235.0,-0.08391754409658242
236.0,-0.10101766584477326
237.0,-0.1982785072263053
238.0,0.1904293422483378
239.0,-0.17465889943214066
240.0,-0.13477306305715525
241.0,-0.2069426322022795
242.0,-0.3050016877308591
243.0,-0.06960352911296525
244.0,-0.1340628580703206
245.0,0.2547141268412111
246.0,0.10337894192596342
247.0,-0.17793411603608705
248.0,-0.08555685868335158
249.0,0.2065809929615985
250.0,-0.2889787598638487
251.0,-0.10819028487870175
252.0,-0.29674812941998213
253.0,0.15464253718129745
254.0,-0.204945521306832
255.0,-0.09851148447754368
256.0,0.12207619882126303
257.0,0.1828287922414752
258.0,-0.006321871929276746
259.0,-0.2825978015656001
260.0,-0.24001076022922552
261.0,-0.2026230519053821
262.0,-0.26526792573102226
263.0,0.07621794106785773
264.0,0.6109036712127767
265.0,-0.23250400957173045
266.0,0.03439730792232132
267.0,0.347816707827479
268.0,-0.12188242891729201
269.0,0.24668375073611643
270.0,0.09417693847312292
271.0,0.3442037315958474
272.0,0.2606653014328208
273.0,-0.11367004818946477
274.0,0.09764978641455402
275.0,-0.14551376886223572
276.0,-0.2824049959017321
277.0,-0.11552980658045683
278.0,0.1853117953343244
279.0,-0.20690777514762215
280.0,0.07508818761279706
281.0,0.6325355931891128
282.0,-0.16286030746852856
283.0,0.021118105259811004
284.0,-0.05405968169603831
285.0,-0.07598529566479273
286.0,-0.18450641956231822
287.0,-0.10977003488956619
288.0,-0.2860775436141013
289.0,0.367719485098633
290.0,0.023799389848871866
291.0,-0.06816080640706312
292.0,-0.20707155744634403
293.0,0.07904624714464442
294.0,-0.2408670553709627
295.0,-0.3040879114988651
296.0,-0.19568909868416678
297.0,0.1438015445288383
298.0,0.04734032121878207
299.0,-0.12945100122733014
300.0,0.0326129722810225
301.0,-0.14146296372001177
302.0,-0.06445145484430681
303.0,-0.17561371191654412
304.0,-0.23682970447124113
305.0,0.055587018672918265
306.0,0.8353241948708466
307.0,0.42018705695023123
308.0,-0.23693748912663126
309.0,0.047159695621905307
310.0,0.35792401502103616
311.0,-0.0776400330108874
312.0,0.8021099774601741
313.0,-0.3074653801857969
314.0,0.09950021992459479
315.0,-0.2019478469723897
316.0,0.47879349661275705
317.0,-0.25547037088696567
318.0,-0.31934775794460596
319.0,0.40032906724300227
320.0,0.9459191580150768
321.0,0.12329600029154913
322.0,0.4687796430804862
323.0,-0.2621954311204946
324.0,0.1327632569995854
325.0,-0.08088007265433
326.0,0.009099542456529941
327.0,-0.14671028817673185
328.0,-0.2495769789083207
329.0,1.1970097571863683
330.0,0.29863074582817006
331.0,0.1966311137971442
332.0,-0.13520586083406003
333.0,0.2413558756879059
334.0,0.06734157532890028
335.0,0.4462706993421293
336.0,-0.27398019672103535
337.0,-0.2909188238085216
338.0,-0.27433349004218055
339.0,-0.33520729970516266
340.0,0.10341469493905309
341.0,0.5508075493778644
342.0,-0.02634069220033647
343.0,0.29637427339099054
344.0,-0.2501207059451219
345.0,-0.3224803213620556
346.0,0.022624821716610455
347.0,0.021260327212545227
348.0,-0.2944774639305328
349.0,-0.1300151724702283
350.0,0.3989286175920615
351.0,0.12733517863850713
352.0,0.048732333095003244
353.0,-0.09657535940720957
354.0,0.07188087070163679
355.0,-0.16651416926350168
356.0,0.38409158463966825
357.0,-0.2266927285741598
358.0,-0.27693847875609495
359.0,0.43118144837113653
360.0,0.6305114922145043
361.0,-0.3871382219734649
362.0,-0.19460033240788063
363.0,0.537248986270391
364.0,0.3374141177727389
365.0,-0.3371734032780208
366.0,-0.17690957812509597
367.0,-0.17315505298568484
368.0,-0.05284808672714658
369.0,0.24664148932637509
370.0,-0.25657711590381466
371.0,-0.12139324174588023
372.0,0.6904883568377849
373.0,0.07053197550650453
374.0,-0.3742777234580477
375.0,0.28745117906316253
376.0,0.5475642837194159
377.0,0.011999039936297196
378.0,-0.3504088263570587
379.0,0.6860094633868346
380.0,0.15972678237463495
381.0,-0.33208970194315646
382.0,-0.05921670394695372
383.0,-0.25572754711642265
384.0,0.9580678558178978
385.0,0.13426392091639966
386.0,-0.2510100496151921
387.0,0.471810713393937
388.0,-0.028437614600594963
389.0,-0.2846922294603278
390.0,0.7956161918144031
391.0,0.335688086775803
392.0,-0.3672521422318203
393.0,0.12018265256789135
394.0,-0.015076749242303789
395.0,-0.31857339164250564
396.0,-0.31356763778941327
397.0,-0.3484247163616756
398.0,-0.07194872846314482
399.0,-0.31858574242887516
400.0,0.11031707903075422
401.0,0.6489810990239828
402.0,-0.3127919569971819
403.0,0.26488751820248435
404.0,0.0218715701040198
405.0,-0.22194044105757632
406.0,0.00886548479123439
407.0,-0.24868854771878734
408.0,-0.2937078766732333
409.0,0.11767728948341716
410.0,0.214358254571565
411.0,-0.08763194708704874
412.0,-0.01827282673972691
413.0,0.054389905484270196
414.0,-0.15474104293640523
415.0,0.6400867289289452
416.0,-0.06264311626080438
417.0,-0.1644908343892836
418.0,0.25142731150393177
419.0,0.3275900334858387
420.0,-0.02651914418227569
421.0,-0.005120718956658332
422.0,0.4949056906717973
423.0,0.3706067984046579
424.0,-0.19604268241751832
425.0,-0.23974712910952825
426.0,-0.3533814319873771
427.0,0.9628725285100339
428.0,0.2930612079361286
429.0,1.274984000141291
430.0,-0.06391154828878937
431.0,-0.25016287339786514
432.0,0.2984415170215473
433.0,0.06235942759297175
434.0,-0.3708094553246585
435.0,0.399734154944326
436.0,-0.12865481526091493
437.0,-0.19418009209619355
438.0,-0.23548264086119308
439.0,-0.06174979236702405
440.0,0.4477191565376352
441.0,0.30447560325815964
442.0,0.013335734426494827
443.0,-0.402196971404172
444.0,-0.19476509637763006
445.0,-0.23972749950239045
446.0,-0.3023906211152259
447.0,0.772071034319598
448.0,0.3604816491741881
449.0,-0.23982499202881966
450.0,-0.2674913381366224
451.0,0.8239567680895585
452.0,0.4822266985678185
453.0,-0.21064705558286312
454.0,-0.3655804924031097
455.0,-0.18936830541099725
456.0,0.29277459653899596
457.0,-0.09689123026398722
458.0,-0.2896109315944192
459.0,-0.19688448424134053
460.0,-0.3386592979943766
461.0,0.13567552265007643
462.0,-0.26861061878364
463.0,-0.2710675211216467
464.0,-0.04085449170258432
465.0,-0.4470942971221896
466.0,0.29690676095862895
467.0,0.12540967921918766
468.0,0.4496771299231626
469.0,-0.13163119732942385
470.0,0.10516597520838716
471.0,0.29393560371585853
472.0,-0.48760629379841114
473.0,0.11328057361693084
474.0,0.9976587546568467
475.0,1.7230013719058057
476.0,-0.3684740349057543
477.0,0.38196127459932316
478.0,-0.4362911093529884
479.0,-0.3121280559533829
480.0,-0.3077850193487311
481.0,0.8427254059002621
482.0,-0.2362182484861885
483.0,-0.24451683695322796
484.0,0.5264851260681707
485.0,1.9545765226078926
486.0,1.8685560097065328
487.0,0.8161278897699626
488.0,0.21978540038939354
489.0,-0.2330767897670331
490.0,-0.2339001783689107
491.0,-0.2162978012036938
492.0,0.9289916720344759
493.0,0.9336536108841316
494.0,0.4783887158384116
495.0,0.8754410363107268
496.0,0.5278354954711746
497.0,0.7860102198629229
498.0,-0.2791035516022601
499.0,-0.39206811944675807
500.0,0.05163648678772215
501.0,0.19768598745337163
502.0,0.157156136767454
503.0,0.2553405706046281
504.0,0.42474975913754887
505.0,-0.4069920710420101
506.0,0.0022435763527614005
507.0,0.08844374657431586
508.0,0.4564902875145941
509.0,0.0647094907146013
510.0,-0.11378902558506404
511.0,-0.2647760706918332
512.0,-0.3680437756455318
513.0,-0.045926286260960514
514.0,-0.39489804410285534
515.0,-0.5005338826920779
516.0,-0.38844189071454266
517.0,-0.5560448728024
518.0,0.16749658174001558
519.0,-0.15250584487282082
520.0,-0.09435526424020435
521.0,-0.20315338627611607
522.0,-0.3792880201120003
523.0,-0.33913402027488376
524.0,-0.5102509294383802
525.0,0.49921049212231094
526.0,1.925778471504194
527.0,5.9404613695080535
528.0,5.748167864215878
529.0,3.6740057586766466
530.0,0.8144911373148215
531.0,0.16174587778460914
532.0,0.2603983345442943
533.0,0.11136805705604236
534.0,0.3725630846521263
535.0,0.8296520398803253
536.0,1.7423304888898765
537.0,0.5754442523309807
538.0,-0.43764734488168533
539.0,0.19725558490006
540.0,0.9180356407530028
541.0,0.06064543055964611
542.0,0.24220969612317333
543.0,1.3237273031329408
544.0,0.0792784603909008
545.0,-0.43489889330595766
546.0,-0.2802308649664644
547.0,0.33444017069662246
548.0,-0.5560338459195184
549.0,0.5217995400694719
550.0,0.9831098169647601
551.0,0.26029126065628316
552.0,-0.5202115649909822
553.0,-0.6055089204587479
554.0,0.1416600639007104
555.0,-0.43629456601921013
556.0,-0.20497675637510687
557.0,1.6624939355697563
558.0,1.809335360896965
559.0,3.121705399267571
560.0,3.3219135449601724
561.0,1.7761498078675668
562.0,2.112270633117219
563.0,0.7199476670722393
564.0,0.6165309205880201
565.0,-0.07412148130122198
566.0,0.015117579824412197
567.0,-0.2663333314014385
568.0,-0.04981225708946946
569.0,-0.36078136795446675
570.0,-0.5442889534553038
571.0,-0.5250493156797759
572.0,0.18737338534328907
573.0,-0.07804958524856909
574.0,0.08982942132810467
575.0,-0.18184236494764133
576.0,-0.2978088578122471
577.0,0.36403629171866136
578.0,-0.3212892320580096
579.0,-0.3021990233231653
580.0,-0.20493027229684935
581.0,0.948028703868935
582.0,0.08197159608583493
583.0,-0.08321243919104004
584.0,2.184393028335119
585.0,0.9363856975745029
586.0,0.7690485285548032
587.0,0.2719117377828226
588.0,-0.12461925471867485
589.0,-0.48986344059268944
590.0,0.254654624667372
591.0,1.2193865470953738
592.0,0.12027825126411273
593.0,-0.4313337551077867
594.0,0.20938418802142422
595.0,-0.04354516499016792
596.0,-0.4022811584986987
597.0,0.019537747814407203
598.0,-7.998792515884201e-05
599.0,-0.3489258536117282
600.0,-0.08689135902262257
601.0,1.2474248587559007
602.0,1.0473632646785704
603.0,1.7755296004313488
604.0,0.6152463580703185
605.0,1.8661733493718864
606.0,
607.0,
608.0,
609.0,
610.0,
611.0,
612.0,
613.0,
614.0,
615.0,
616.0,
617.0,
618.0,
619.0,
620.0,
621.0,
622.0,
623.0,
624.0,
625.0,
626.0,
627.0,
628.0,
629.0,
630.0,
631.0,
632.0,
633.0,
634.0,
635.0,
636.0,
637.0,
638.0,
639.0,
640.0,
641.0,
642.0,
643.0,
644.0,
645.0,
646.0,
647.0,
648.0,
649.0,
650.0,
651.0,
652.0,
653.0,
654.0,
655.0,
656.0,
657.0,
658.0,
659.0,
660.0,
661.0,
662.0,
663.0,
664.0,
665.0,
666.0,
667.0,
668.0,
669.0,
670.0,
671.0,
672.0,
673.0,
674.0,
675.0,
676.0,
677.0,
678.0,
679.0,
680.0,
681.0,
682.0,
683.0,
684.0,
685.0,
686.0,
687.0,
688.0,
689.0,
690.0,
691.0,
692.0,
693.0,
694.0,
695.0,
696.0,
697.0,
698.0,
699.0,
700.0,
701.0,
702.0,
703.0,
704.0,
705.0,
706.0,
707.0,
708.0,
709.0,
710.0,
711.0,
712.0,
713.0,
714.0,
715.0,
716.0,
717.0,
718.0,
719.0,
720.0,
721.0,
722.0,
723.0,
724.0,
725.0,
726.0,
727.0,
728.0,
729.0,
730.0,
731.0,
732.0,
733.0,
734.0,
735.0,
736.0,
737.0,
738.0,
739.0,
740.0,
741.0,
742.0,
743.0,
744.0,
745.0,
746.0,
747.0,
748.0,
749.0,
750.0,
751.0,
752.0,
753.0,
754.0,
755.0,
756.0,
757.0,
758.0,
759.0,
760.0,
761.0,
762.0,
763.0,
764.0,
765.0,
766.0,
767.0,
768.0,
769.0,
770.0,
771.0,
772.0,
773.0,
774.0,
775.0,
776.0,
777.0,
778.0,
779.0,
780.0,
781.0,
782.0,
783.0,
784.0,
785.0,
786.0,
787.0,
788.0,
789.0,
790.0,
791.0,
792.0,
793.0,
794.0,
795.0,
796.0,
797.0,
798.0,
799.0,
800.0,
801.0,
802.0,
803.0,
804.0,
805.0,
806.0,
807.0,
808.0,
809.0,
810.0,
811.0,
812.0,
813.0,
814.0,
815.0,
816.0,
817.0,
818.0,
819.0,
820.0,
821.0,
822.0,
823.0,
824.0,
825.0,
826.0,
827.0,
828.0,
829.0,
830.0,
831.0,
832.0,
833.0,
834.0,
835.0,
836.0,
837.0,
838.0,
839.0,
840.0,
841.0,
842.0,
843.0,
844.0,
845.0,
846.0,
847.0,
848.0,
849.0,
850.0,
851.0,
852.0,
853.0,
854.0,
855.0,
856.0,
857.0,
858.0,
859.0,
860.0,
861.0,
862.0,
863.0,
864.0,
865.0,
866.0,
867.0,
868.0,
869.0,
870.0,
871.0,
872.0,
873.0,
874.0,
875.0,
876.0,
877.0,
878.0,
879.0,
880.0,
881.0,
882.0,
883.0,
884.0,
885.0,
886.0,
887.0,
888.0,
889.0,
890.0,
891.0,
892.0,
893.0,
894.0,
895.0,
896.0,
897.0,
898.0,
899.0,
900.0,
901.0,
902.0,
903.0,
904.0,
905.0,
906.0,
907.0,
908.0,
909.0,
910.0,
911.0,
912.0,
913.0,
914.0,
915.0,
916.0,
917.0,
918.0,
919.0,
920.0,
921.0,
922.0,
923.0,
924.0,
925.0,
926.0,
927.0,
928.0,
929.0,
930.0,
931.0,
932.0,
933.0,
934.0,
935.0,
936.0,
937.0,
938.0,
939.0,
940.0,
941.0,
942.0,
943.0,
944.0,
945.0,
946.0,
947.0,
948.0,
949.0,
950.0,
951.0,
952.0,
953.0,
954.0,
955.0,
956.0,
957.0,
958.0,
959.0,
960.0,
961.0,
962.0,
963.0,
964.0,
965.0,
966.0,
967.0,
968.0,
969.0,
970.0,
971.0,
972.0,
973.0,
974.0,
975.0,
976.0,
977.0,
978.0,
979.0,
980.0,
981.0,
982.0,
983.0,
984.0,
985.0,
986.0,
987.0,
988.0,
989.0,
990.0,
991.0,
992.0,
993.0,
994.0,
995.0,
996.0,
997.0,
998.0,
999.0,
1000.0,
1001.0,
1002.0,
1003.0,
1004.0,
1005.0,
1006.0,
1007.0,
1008.0,
1009.0,
1010.0,
1011.0,
1012.0,
1013.0,
1014.0,
1015.0,
1016.0,
1017.0,
1018.0,
1019.0,
1020.0,
1021.0,
1022.0,
1023.0,
1024.0,
1025.0,
1026.0,
1027.0,
1028.0,
1029.0,
1030.0,
1031.0,
1032.0,
1033.0,
1034.0,
1035.0,
1036.0,
1037.0,
1038.0,
1039.0,
1040.0,
1041.0,
1042.0,
1043.0,
1044.0,
1045.0,
1046.0,
1047.0,
1048.0,
1049.0,
1050.0,
1051.0,
1052.0,
1053.0,
1054.0,
1055.0,
1056.0,
1057.0,
1058.0,
1059.0,
1060.0,
1061.0,
1062.0,
1063.0,
1064.0,
1065.0,
1066.0,
1067.0,
1068.0,
1069.0,
1070.0,
1071.0,
1072.0,
1073.0,
1074.0,
1075.0,
1076.0,
1077.0,
1078.0,
1079.0,
1080.0,
1081.0,
1082.0,
1083.0,
1084.0,
1085.0,
1086.0,
1087.0,
1088.0,
1089.0,
1090.0,
1091.0,
1092.0,
1093.0,
1094.0,
1095.0,
1096.0,
1097.0,
1098.0,
1099.0,
1100.0,
1101.0,
1102.0,
1103.0,
1104.0,
1105.0,
1106.0,
1107.0,
1108.0,
1109.0,
1110.0,
1111.0,
1112.0,
1113.0,
1114.0,
1115.0,
1116.0,
1117.0,
1118.0,
1119.0,
1120.0,
1121.0,
1122.0,
1123.0,
1124.0,
1125.0,
1126.0,
1127.0,
1128.0,
1129.0,
1130.0,
1131.0,
1132.0,
1133.0,
1134.0,
1135.0,
1136.0,
1137.0,
1138.0,
1139.0,
1140.0,
1141.0,
1142.0,
1143.0,
1144.0,
1145.0,
1146.0,
1147.0,
1148.0,
1149.0,
1150.0,
1151.0,
1152.0,
1153.0,
1154.0,
1155.0,
1156.0,
1157.0,
1158.0,
1159.0,
1160.0,
1161.0,
1162.0,
1163.0,
1164.0,
1165.0,
1166.0,
1167.0,
1168.0,
1169.0,
1170.0,
1171.0,
1172.0,
1173.0,
1174.0,
1175.0,
1176.0,
1177.0,
1178.0,
1179.0,
1180.0,
1181.0,
1182.0,
1183.0,
1184.0,
1185.0,
1186.0,
1187.0,
1188.0,
1189.0,
1190.0,
1191.0,
1192.0,
1193.0,
1194.0,
1195.0,
1196.0,
1197.0,
1198.0,
1199.0,
1200.0,
1201.0,
1202.0,
1203.0,
1204.0,
1205.0,
1206.0,
1207.0,
1208.0,
1209.0,
1210.0,
1211.0,
1212.0,
1213.0,
1214.0,
1215.0,
1216.0,
1217.0,
1218.0,
1219.0,
1220.0,
1221.0,
1222.0,
1223.0,
1224.0,
1225.0,
1226.0,
1227.0,
1228.0,
1229.0,
1230.0,
1231.0,
1232.0,
1233.0,
1234.0,
1235.0,
1236.0,
1237.0,
1238.0,
1239.0,
1240.0,
1241.0,
1242.0,
1243.0,
1244.0,
1245.0,
1246.0,
1247.0,
1248.0,
1249.0,
1250.0,
1251.0,
1252.0,
1253.0,
1254.0,
1255.0,
1256.0,
1257.0,
1258.0,
1259.0,
1260.0,
1261.0,
1262.0,
1263.0,
1264.0,
1265.0,
1266.0,
1267.0,
1268.0,
1269.0,
1270.0,
1271.0,
1272.0,
1273.0,
1274.0,
1275.0,
1276.0,
1277.0,
1278.0,
1279.0,
1280.0,
1281.0,
1282.0,
1283.0,
1284.0,
1285.0,
1286.0,
1287.0,
1288.0,
1289.0,
1290.0,
1291.0,
1292.0,
1293.0,
1294.0,
1295.0,
1296.0,
1297.0,
1298.0,
1299.0,
1300.0,
1301.0,
1302.0,
1303.0,
1304.0,
1305.0,
1306.0,
1307.0,
1308.0,
1309.0,
1310.0,
1311.0,
1312.0,
1313.0,
1314.0,
1315.0,
1316.0,
1317.0,
1318.0,
1319.0,
1320.0,
1321.0,
1322.0,
1323.0,
1324.0,
1325.0,
1326.0,
1327.0,
1328.0,
1329.0,
1330.0,
1331.0,
1332.0,
1333.0,
1334.0,
1335.0,
1336.0,
1337.0,
1338.0,
1339.0,
1340.0,
1341.0,
1342.0,
1343.0,
1344.0,
1345.0,
1346.0,
1347.0,
1348.0,
1349.0,
1350.0,
1351.0,
1352.0,
1353.0,
1354.0,
1355.0,
1356.0,
1357.0,
1358.0,
1359.0,
1360.0,
1361.0,
1362.0,
1363.0,
1364.0,
1365.0,
1366.0,
1367.0,
1368.0,
1369.0,
1370.0,
1371.0,
1372.0,
1373.0,
1374.0,
1375.0,
1376.0,
1377.0,
1378.0,
1379.0,
1380.0,
1381.0,
1382.0,
1383.0,
1384.0,
1385.0,
1386.0,
1387.0,
1388.0,
1389.0,
1390.0,
1391.0,
1392.0,
1393.0,
1394.0,
1395.0,
1396.0,
1397.0,
1398.0,
1399.0,
1400.0,
1401.0,
1402.0,
1403.0,
1404.0,
1405.0,
1406.0,
1407.0,
1408.0,
1409.0,
1410.0,
1411.0,
1412.0,
1413.0,
1414.0,
1415.0,
1416.0,
1417.0,
1418.0,
1419.0,
1420.0,
1421.0,
1422.0,
1423.0,
1424.0,
1425.0,
1426.0,
1427.0,
1428.0,
1429.0,
1430.0,
1431.0,
1432.0,
1433.0,
1434.0,
1435.0,
1436.0,
1437.0,
1438.0,
1439.0,
1440.0,
1441.0,
1442.0,
1443.0,
1444.0,
1445.0,
1446.0,
1447.0,
1448.0,
1449.0,
1450.0,
1451.0,
1452.0,
1453.0,
1454.0,
1455.0,
1456.0,
1457.0,
1458.0,
1459.0,
1460.0,
1461.0,
1462.0,
1463.0,
1464.0,
1465.0,
1466.0,
1467.0,
1468.0,
1469.0,
1470.0,
1471.0,
1472.0,
1473.0,
1474.0,
1475.0,
1476.0,
1477.0,
1478.0,
1479.0,
1480.0,
1481.0,
1482.0,
1483.0,
1484.0,
1485.0,
1486.0,
1487.0,
1488.0,
1489.0,
1490.0,
1491.0,
1492.0,
1493.0,
1494.0,
1495.0,
1496.0,
1497.0,
1498.0,
1499.0,
