Time,residuals
0.0,0.4930703421942875
1.0,-0.09382154268740518
2.0,-0.11343124735219345
3.0,-0.008573391558770904
4.0,0.3501458123509695
5.0,-0.08389354854598782
6.0,-0.05910046681472589
7.0,-0.13229624533525297
8.0,-0.11649697521198994
9.0,-0.08355626372697536
10.0,0.08904703517840898
11.0,-0.12326289114295653
12.0,0.2122332344091459
13.0,0.042553466985149085
14.0,0.2196464086817009
15.0,-0.031051910318133286
16.0,-0.14176010993464722
17.0,0.28046539945276716
18.0,-0.021590134328101668
19.0,-0.10962600850408444
20.0,-0.05900831679730262
21.0,0.585230408781274
22.0,-0.1330956440768777
23.0,-0.13899116610838985
24.0,0.15364092440349147
25.0,0.7098634023746092
26.0,-0.1280586922358968
27.0,-0.0518387526872562
28.0,0.3940607691086634
29.0,-0.1328495322802537
30.0,-0.12656666653998408
31.0,-0.062466729328183285
32.0,-0.10580189587754704
33.0,-0.12233576111164979
34.0,-0.09486295896617931
35.0,0.3557752085423793
36.0,-0.1314532385585384
37.0,0.12903739796012234
38.0,-0.05060998103057829
39.0,-0.020345853478649117
40.0,-0.09238685430693372
41.0,-0.09795162260244286
42.0,0.02427398204042494
43.0,0.22842953490143017
44.0,-0.009929436233695466
45.0,-0.1186072889565278
46.0,-0.11928286370673638
47.0,0.3134508931508701
48.0,0.0965140631451106
49.0,0.036109981577096384
50.0,0.5018531187469777
51.0,-0.10667215571448
52.0,0.09942390247724103
53.0,-0.1051965365858872
54.0,0.08511556939001011
55.0,-0.13917804010903073
56.0,0.27092962617740163
57.0,0.21855038750644912
58.0,-0.08103653249323653
59.0,0.2883714641010574
60.0,-0.14138498338865402
61.0,0.28861825561827703
62.0,0.146990700286542
63.0,-0.0931403728232528
64.0,0.02949945225845832
65.0,0.8698443874610068
66.0,0.15667077795446235
67.0,-0.09896970613658504
68.0,-0.14849533036738657
69.0,-0.10185130560571351
70.0,-0.09114594893931657
71.0,-0.13106114353689174
72.0,0.04814296901744275
73.0,-0.13435418411450425
74.0,0.17224707688270902
75.0,-0.11075860422788755
76.0,-0.013956709008356438
77.0,-0.13985683577378996
78.0,-0.10708744873271779
79.0,-0.029006434237853845
80.0,-0.13161238898432048
81.0,-0.01161460817823276
82.0,-0.1382881957860719
83.0,0.059363545163182985
84.0,-0.10286704296801741
85.0,0.14249699024871057
86.0,-0.09015836422470756
87.0,-0.03551767672472261
88.0,0.16377342645452403
89.0,-0.007536058651944039
90.0,0.5998576976896662
91.0,0.1305063952392279
92.0,-0.14347931109235645
93.0,0.0974349079976145
94.0,-0.046936260692871754
95.0,0.08482666078163656
96.0,0.03521142066150257
97.0,0.29561061368799313
98.0,-0.09742732440521096
99.0,0.10699450613474212
100.0,-0.11579512012987235
101.0,-0.03685603913695286
102.0,0.06579990319209209
103.0,-0.07931253489699475
104.0,-0.10577072413376981
105.0,0.1516985098992305
106.0,0.4967339318252889
107.0,-0.07842099608369352
108.0,0.041384572233995415
109.0,-0.10508875635443587
110.0,-0.1261715879920238
111.0,0.26178374663659465
112.0,-0.11667088995536526
113.0,0.12160473991508428
114.0,-0.14065992666248156
115.0,0.018654075068502085
116.0,-0.08112995079727492
117.0,-0.07024648244383835
118.0,-0.11019283715442338
119.0,0.045845738376364464
120.0,-0.1430517516858207
121.0,-0.06579751439269538
122.0,0.009358926051302147
123.0,-0.08367179258453246
124.0,0.42428620579729104
125.0,-0.058858242777969014
126.0,-0.11965124848937493
127.0,0.5440749665471197
128.0,-0.12378447033251792
129.0,0.15285142098835458
130.0,-0.07023339508519023
131.0,0.0871469731916408
132.0,-0.12640496701358095
133.0,0.17270476902359552
134.0,-0.11745960581756054
135.0,-0.10513606511123291
136.0,0.4923706216477305
137.0,-0.13292869404460808
138.0,-0.09794305561395976
139.0,0.2469755034942405
140.0,-0.10449685822300916
141.0,-0.09823142217461825
142.0,0.012984496465015344
143.0,-0.07327931549429458
144.0,0.013811710868695565
145.0,-0.14369716655489603
146.0,-0.07075574002304909
147.0,-0.09746286197770479
148.0,0.012088939303759011
149.0,0.11163454395693687
150.0,-0.11440132914007842
151.0,0.2866026585490209
152.0,-0.08920146759097206
153.0,-0.13767571573199847
154.0,0.6170699377587238
155.0,0.03659710820462614
156.0,0.23985755528913286
157.0,-0.015663082406915968
158.0,-0.14118762118171
159.0,0.34706845770885986
160.0,0.023621612943802273
161.0,0.0005136508777560944
162.0,-0.05901614553945478
163.0,-0.1345463790256001
164.0,0.27687560504110964
165.0,-0.053733410545601046
166.0,-0.07615325886376802
167.0,-0.004522655101230011
168.0,0.2978522514447615
169.0,-0.04338745285520319
170.0,0.2231282870442599
171.0,0.4857706451134758
172.0,-0.02585490879756805
173.0,-0.11005634323345595
174.0,-0.06043595719643226
175.0,-0.12127711923756243
176.0,0.17819904658854402
177.0,-0.024791079433619828
178.0,-0.05388687855333521
179.0,0.6467319559409127
180.0,0.23251188819316823
181.0,-0.042094634079077806
182.0,-0.11642184586408391
183.0,0.6729713328489573
184.0,-0.07728418338836869
185.0,-0.13839213686890733
186.0,-0.0866962144074935
187.0,-0.13761946623950957
188.0,-0.03958004919433131
189.0,-0.140039307924949
190.0,0.46241872459981453
191.0,0.052505399231884936
192.0,-0.12083082521489719
193.0,0.20404294466656728
194.0,-0.015547453589973781
195.0,-0.12841588255365816
196.0,0.36361268258916835
197.0,-0.0943730826800446
198.0,0.007405366540812919
199.0,-0.10864662080097873
200.0,-0.025829703351023414
201.0,-0.10021482808102458
202.0,0.14501961084261392
203.0,0.2960554004307203
204.0,-0.1394303829344096
205.0,0.5164207807631727
206.0,0.036314776389818865
207.0,-0.1380740076265909
208.0,0.11203969217968926
209.0,-0.03964637547931643
210.0,-0.14558202783585944
211.0,-0.054537035233862274
212.0,-0.09853618696037758
213.0,-0.06295009847193617
214.0,0.13816039215857703
215.0,-0.09930946613364049
216.0,0.2534529486669881
217.0,0.28517404989905576
218.0,0.00991198471781543
219.0,-0.10031212687062471
220.0,-0.1293567875180936
221.0,0.37880137267153857
222.0,0.04338838807860629
223.0,-0.09442849636546463
224.0,0.009419769113609228
225.0,-0.12451815358228882
226.0,-0.13952114437904128
227.0,0.14815650746921352
228.0,-0.10321594941032597
229.0,-0.09072603121369294
230.0,0.04307591712439948
231.0,-0.1432657989373214
232.0,-0.020238996614782262
233.0,-0.09589045169286362
234.0,-0.06388990527760594
235.0,0.003785195984181311
236.0,-0.08448186732487867
237.0,-0.14092569778940686
238.0,-0.13768877576023072
239.0,0.0751750273694323
240.0,-0.0749125181547352
241.0,-0.07275108635477692
242.0,-0.0761855627299618
243.0,0.3582931569164129
244.0,-0.029426849555188858
245.0,0.11473652802355641
246.0,-0.12804102384275798
247.0,0.86518842605482
248.0,0.15138890072428934
249.0,-0.06896175221506042
250.0,0.12177817574480743
251.0,-0.026826530538180154
252.0,0.5115757464214502
253.0,0.13719238683060525
254.0,-0.08547322953020084
255.0,-0.10001252439503322
256.0,0.3236016757178376
257.0,-0.10389395996172827
258.0,0.2939757597046371
259.0,0.28030510353328936
260.0,-0.12612344129614245
261.0,-0.14543425952000713
262.0,0.04881941968569806
263.0,-0.055740094509230884
264.0,0.004876933768841657
265.0,-0.12250019238486154
266.0,0.27205287425280084
267.0,-0.05004807572520713
268.0,-0.025330235508522064
269.0,-0.14572944716211894
270.0,-0.04032444264299967
271.0,-0.14412186431040913
272.0,0.2983901004595999
273.0,-0.1219220286431187
274.0,0.9634062642357466
275.0,-0.012347005734977962
276.0,-0.1151915797837508
277.0,0.016053161546975697
278.0,0.009007273927187837
279.0,-0.13834422777004984
280.0,0.8087421856252092
281.0,-0.12452733978233091
282.0,-0.07288141462097888
283.0,-0.12849514492013225
284.0,0.24439160906468776
285.0,-0.12364912076036072
286.0,0.1997024211397697
287.0,-0.10884959558812801
288.0,0.13089950276151802
289.0,-0.15180030082731558
290.0,0.5656662360893889
291.0,0.11050148375937696
292.0,-0.07336862114392553
293.0,0.08990030570706492
294.0,-0.1225664824087056
295.0,-0.11084100663688629
296.0,-0.08293757189064065
297.0,0.4358362668311608
298.0,0.21819829249624317
299.0,-0.13535521872953826
300.0,0.39359359805750094
301.0,-0.11016021675471495
302.0,0.21282175473091466
303.0,-0.08535887967942213
304.0,0.27441173138924735
305.0,-0.1074146478300748
306.0,-0.0494648378032887
307.0,0.2475937074864108
308.0,0.3036692553572187
309.0,0.05524992331598208
310.0,-0.020740913161053864
311.0,-0.021297208342193008
312.0,-0.06557626961693107
313.0,-0.13637255713046736
314.0,0.4658710594605091
315.0,-0.013817752614930623
316.0,-0.14850596360427357
317.0,0.05586404295772282
318.0,-0.14798788887407016
319.0,-0.03756187961213901
320.0,0.35672321361400927
321.0,-0.11089326731292659
322.0,-0.15541868844815368
323.0,-0.14949902848100777
324.0,0.19695090602893672
325.0,0.10897233104273352
326.0,-0.14134576190609546
327.0,-0.11696382659964602
328.0,0.05260295272987228
329.0,-0.08337381409938849
330.0,-0.12019929698949733
331.0,-0.09871518309164026
332.0,-0.12972419296750134
333.0,-0.13222033375543385
334.0,0.07215682828140971
335.0,0.1473996988061869
336.0,0.020948758492845304
337.0,-0.0679771854880301
338.0,-0.09326525806034482
339.0,0.36652160936069156
340.0,-0.15262758184994824
341.0,-0.1215939682494833
342.0,0.6437927190590629
343.0,0.16737558299069746
344.0,0.026309893622972508
345.0,0.4586462598566615
346.0,-0.05478474159055485
347.0,-0.1326935253660041
348.0,0.21847609194164183
349.0,-0.08495264306505652
350.0,0.09732131381695203
351.0,0.02190715162742876
352.0,-0.09051078879465842
353.0,-0.08545967387395735
354.0,-0.14171989108986968
355.0,-0.010869451919345074
356.0,-0.05042738421394036
357.0,-0.14498010379291787
358.0,-0.1455278974743357
359.0,0.019979950341422387
360.0,0.33761501490139595
361.0,-0.09891944807404231
362.0,-0.15353600355328242
363.0,-0.03553032555046419
364.0,0.12114145764183348
365.0,-0.11229651589617681
366.0,-0.14987466782401
367.0,0.1302236883855363
368.0,0.34567605845882177
369.0,-0.06744888044056777
370.0,0.0020078003975453618
371.0,0.6179218342250401
372.0,0.1393957045016054
373.0,0.12799437801673075
374.0,0.024189699584536734
375.0,0.2959048476231564
376.0,-0.0003897922738079762
377.0,-0.13550294021095982
378.0,0.055735803050231014
379.0,-0.01786764718596079
380.0,0.027653187257303896
381.0,-0.02639188905693804
382.0,0.5096463067009356
383.0,-0.042907381058736954
384.0,-0.10533484820952999
385.0,0.04174446465299664
386.0,-0.06734361929546273
387.0,-0.02753363468568515
388.0,-0.09144400573700931
389.0,0.08118528239595849
390.0,-0.14013276456679022
391.0,-0.02397496967334753
392.0,-0.16191245447138872
393.0,-0.1409756441807591
394.0,0.10790019770502099
395.0,-0.13535311928715332
396.0,-0.16004798418721103
397.0,-0.09301591581138413
398.0,-0.1420135118133948
399.0,0.01848627081507523
400.0,-0.1001813174658478
401.0,0.03639980285593178
402.0,0.2935227265985616
403.0,-0.0720695336636143
404.0,-0.1332085323028414
405.0,0.7097992746993393
406.0,0.08056683460155098
407.0,-0.1252826029105922
408.0,0.4318843394393221
409.0,0.06076778504174288
410.0,-0.16324022507666353
411.0,0.08689106584729084
412.0,0.014085618234660507
413.0,0.14862790967581996
414.0,0.09556212075872786
415.0,-0.13468714872711024
416.0,0.03950712544360829
417.0,-0.034635123570361664
418.0,-0.16963663442584434
419.0,-0.06643732111383802
420.0,-0.16844746769530225
421.0,0.5459837359130931
422.0,0.15472661098412965
423.0,-0.07054745098660752
424.0,0.5379181723109067
425.0,0.06620532396133305
426.0,0.3090457920410608
427.0,-0.11585960982632479
428.0,0.2373723684975092
429.0,0.2641407565783944
430.0,0.04289795232677643
431.0,-0.1015424695466334
432.0,-0.14213126359004286
433.0,-0.019050457257947156
434.0,-0.17408303203913209
435.0,-0.014526878650878039
436.0,-0.15228310184046293
437.0,0.24895975771175172
438.0,0.11999504068804506
439.0,-0.13386769469445642
440.0,0.920073504977523
441.0,0.4634514587689743
442.0,0.020839859016309747
443.0,0.0020324860276928203
444.0,-0.18076124521962972
445.0,0.011608549660078848
446.0,-0.08917925482427005
447.0,-0.16231369032441748
448.0,0.2932352817081878
449.0,-0.09370099094686678
450.0,-0.18650612749880754
451.0,-0.09236589692717226
452.0,0.06327752188838184
453.0,-0.12117648764396455
454.0,-0.18053210649710294
455.0,0.46961023334721264
456.0,-0.06573726151782344
457.0,0.02541040332077993
458.0,0.14490908133535974
459.0,-0.10462126769340496
460.0,-0.14840261398641705
461.0,0.04750330733172631
462.0,-0.07272433734128234
463.0,-0.0694207745069412
464.0,-0.19765400735860642
465.0,0.5863403590909453
466.0,0.3387726111249752
467.0,0.06931642862551976
468.0,0.05557369119561098
469.0,0.03475479462638209
470.0,0.007127206149993709
471.0,-0.04133285783776444
472.0,-0.1322696855693259
473.0,-0.16884826158012783
474.0,-0.09164497272876725
475.0,-0.11579729084127113
476.0,-0.18696923858154388
477.0,0.2077572087574344
478.0,-0.21490585179334842
479.0,-0.030107084420753577
480.0,0.2775064394828306
481.0,-0.07943480849184481
482.0,0.033676884778834876
483.0,-0.19558760219589227
484.0,0.4360498047457022
485.0,0.016461176662579874
486.0,-0.08078084465037616
487.0,-0.07553368438457009
488.0,-0.16800383658682183
489.0,0.33969962662531306
490.0,0.13436767172788583
491.0,-0.07888759755333782
492.0,-0.16980903009983608
493.0,0.02173159024064905
494.0,-0.17080006846920415
495.0,0.14435529650156806
496.0,-0.06360383953791923
497.0,0.11902757878075915
498.0,0.26665660623330656
499.0,0.268151002110252
500.0,-0.06726250171681838
501.0,-0.11486786120323654
502.0,0.2244829152312786
503.0,0.050039759353866425
504.0,-0.13697069967104764
505.0,0.13470544549269087
506.0,-0.04466793798450586
507.0,0.005101476073479855
508.0,-0.15544411890985377
509.0,-0.027248718500026387
510.0,-0.013405914337999425
511.0,0.058510157710511906
512.0,-0.1227310986848619
513.0,0.026149690937715353
514.0,-0.23185250088901482
515.0,0.24192767658617947
516.0,0.0002468245372218292
517.0,-0.21099809308600198
518.0,0.4034463501337573
519.0,0.2503574148613661
520.0,0.16056038089987457
521.0,0.03136996312431167
522.0,-0.18943699906342376
523.0,-0.09193237671059354
524.0,0.17467245911863255
525.0,0.36336480628572726
526.0,0.4280659701543331
527.0,0.22514248182157415
528.0,0.01326373793364971
529.0,0.05196073439788962
530.0,-0.17341955523034214
531.0,0.1440598281659594
532.0,0.12450671837510624
533.0,0.02936178200319084
534.0,-0.1321183005073277
535.0,-0.23467300955360118
536.0,-0.002655956018785932
537.0,-0.16806713966731934
538.0,-0.18175830293972184
539.0,-0.0036798474878007026
540.0,0.08158977984029903
541.0,-0.0035082644200790103
542.0,-0.19915327057962223
543.0,-0.07271490931698746
544.0,0.24468439994492236
545.0,-0.22188244977540317
546.0,0.3091745411255627
547.0,-0.09362063264784606
548.0,-0.05023959570051789
549.0,-0.24163978580457451
550.0,0.4186810117155067
551.0,0.41808112452424373
552.0,-0.01770469798122587
553.0,-0.11210077309837108
554.0,0.05881112920408976
555.0,0.07486065307360862
556.0,-0.24246613391772112
557.0,0.35829189645287657
558.0,0.5876453980538248
559.0,0.052676573941106475
560.0,-0.21206200658709456
561.0,-0.1827612531954529
562.0,0.032766666265597155
563.0,-0.18579006027713027
564.0,-0.08419368400966815
565.0,-0.18827417760084386
566.0,0.8280901189014609
567.0,0.03142823088753244
568.0,-0.13532861826483658
569.0,-0.13842571222199848
570.0,-0.21650044498535015
571.0,-0.04233758869892856
572.0,0.06000404449723695
573.0,-0.25651867554036034
574.0,0.299390559067358
575.0,-0.18505837491324842
576.0,0.2779908973746281
577.0,0.6230905857383804
578.0,0.3248594918544616
579.0,0.23508288382205422
580.0,-0.21062706495912398
581.0,0.2696096798564099
582.0,0.035745634489552536
583.0,-0.12087140290740639
584.0,0.007630943186061223
585.0,-0.18385595151276965
586.0,0.04370389594542845
587.0,-0.03890712531082113
588.0,0.3432926281855356
589.0,0.30419928927608453
590.0,0.18880437971441222
591.0,0.005074199423694414
592.0,0.19106402054145433
593.0,-0.12006427105940734
594.0,-0.2186080940558725
595.0,0.5189945906118161
596.0,0.3351114070875171
597.0,0.5055053116410237
598.0,-0.009276363449440994
599.0,-0.10057395681301318
600.0,-0.2017843952069343
601.0,-0.12194425347257021
602.0,-0.24907268227184995
603.0,0.9514843304357642
604.0,0.5432787006294676
605.0,0.039943696588491784
606.0,-0.2172854173884309
607.0,-0.18415330956562853
608.0,-0.23848953206246906
609.0,0.0876757920264441
610.0,-0.2620852475789054
611.0,-0.034727817951642787
612.0,-0.1394606033860948
613.0,-0.2792849469603935
614.0,0.5372691014408422
615.0,0.10087212009555957
616.0,-0.20727002882774465
617.0,0.02289584560288138
618.0,-0.19061379375290585
619.0,0.14592694097893338
620.0,-0.03280790961168739
621.0,0.0029616510042707045
622.0,0.21823140312930406
623.0,-0.020085440964268397
624.0,-0.28741239642238925
625.0,-0.10969626028878873
626.0,-0.2436471848995314
627.0,-0.17060244964697016
628.0,0.21826731943387262
629.0,-0.13937713437316504
630.0,-0.03016994578327098
631.0,-0.26577718130401556
632.0,0.2615920654785192
633.0,0.18716622455497683
634.0,-0.0310805152344234
635.0,-0.04499346331475229
636.0,-0.037259602144983694
637.0,-0.1065530407907882
638.0,0.43437569220312483
639.0,0.22775028611731796
640.0,0.011828816088287897
641.0,-0.02776823046285487
642.0,-0.27612497772270395
643.0,-0.14583351565157174
644.0,0.04822441432825597
645.0,-0.030969527476859993
646.0,0.16805466550382442
647.0,-0.07994310816606492
648.0,-0.2378376661878413
649.0,-0.04104892148770756
650.0,-0.1610812448807212
651.0,0.17393051186277986
652.0,0.33078359873627383
653.0,-0.25792566154064045
654.0,-0.20304071190218093
655.0,-0.31577169644880815
656.0,-0.28054931728313426
657.0,-0.19553399483490438
658.0,-0.3180964949111773
659.0,-0.2666770650169357
660.0,0.2944177098173895
661.0,0.49438108266127334
662.0,0.013310065275614347
663.0,0.6601163330450843
664.0,0.4518612628572727
665.0,1.0823462711237295
666.0,1.3810562306118017
667.0,0.9263448805395326
668.0,0.6461370823368999
669.0,0.6176154888459809
670.0,-0.1069407221738693
671.0,-0.4571572812644664
672.0,-0.16960870639314113
673.0,0.010559541067270306
674.0,0.11768612715775073
675.0,-0.23420441946058929
676.0,-0.17680351286494683
677.0,0.3862092265257171
678.0,-0.07300632240266908
679.0,-0.2707348210925862
680.0,-0.16609117444864407
681.0,-0.11517956275626262
682.0,-0.10835447097701839
683.0,0.029170830198178455
684.0,-0.29248967358662226
685.0,-0.46532745588458163
686.0,-0.23147662989326895
687.0,-0.43428380884321544
688.0,-0.5103830116888237
689.0,-0.18192316116065999
690.0,-0.027565086481968204
691.0,-0.44059740332716457
692.0,0.4000949504998117
693.0,0.29142457185035453
694.0,0.3417608191682181
695.0,0.649603079419066
696.0,-0.20994635904518155
697.0,-0.43783577598952195
698.0,-0.651143461582011
699.0,-0.36456561267938886
700.0,-0.6848277611805608
701.0,-0.09869233746926676
702.0,-0.41580351959302997
703.0,-0.34089318032248805
704.0,-0.5857498481374701
705.0,-0.6386604638121787
706.0,-0.657760363537907
707.0,-0.8083321809886648
708.0,-0.8016893919749952
709.0,0.03526442105274896
710.0,-0.15920510834215873
711.0,0.3534054423389287
712.0,1.3183323801698283
713.0,0.9633575128396346
714.0,0.509079888019108
715.0,0.2830345101925442
716.0,-0.1183549592031391
717.0,1.1156555099599745
718.0,0.8131218371819621
719.0,0.43998986198057877
720.0,1.0618816836708604
721.0,0.8740640624747092
722.0,0.5492684194696411
723.0,0.13838649252284774
724.0,-0.24918412420929992
725.0,-0.31937832752013984
726.0,-0.6089087829173512
727.0,-0.21574647946692171
728.0,0.07995991890420684
729.0,0.7993424060739371
730.0,0.46861615896917375
731.0,0.1288619551581267
732.0,0.03917499081994569
733.0,0.8009976686402651
734.0,0.6677965169338518
735.0,-0.08783410749723597
736.0,-0.5719409889101956
737.0,-0.024570764488762276
738.0,-0.1655852005030789
739.0,0.22140589639278163
740.0,0.31148447732565354
741.0,0.45722628804057
742.0,1.2034284161475395
743.0,1.51848699619232
744.0,1.9191355590251706
745.0,0.6310608242272997
746.0,1.2645846070105375
747.0,1.069164952273433
748.0,1.0622270416446151
749.0,0.840127664632375
750.0,-0.18653397950145956
751.0,-0.23223463392498855
752.0,0.07332666937028232
753.0,0.5209931009665771
754.0,0.20028554548207533
755.0,-0.3854624816327279
756.0,-0.10976709822906394
757.0,-0.21137855525981797
758.0,0.49043387279055817
759.0,0.5334211933402027
760.0,-0.3004612542711167
761.0,-0.18919197388798858
762.0,-1.1321385163547009
763.0,-0.8090268924915546
764.0,-1.305407148167538
765.0,-1.164727500756649
766.0,-1.0235402021001627
767.0,
768.0,
769.0,
770.0,
771.0,
772.0,
773.0,
774.0,
775.0,
776.0,
777.0,
778.0,
779.0,
780.0,
781.0,
782.0,
783.0,
784.0,
785.0,
786.0,
787.0,
788.0,
789.0,
790.0,
791.0,
792.0,
793.0,
794.0,
795.0,
796.0,
797.0,
798.0,
799.0,
800.0,
801.0,
802.0,
803.0,
804.0,
805.0,
806.0,
807.0,
808.0,
809.0,
810.0,
811.0,
812.0,
813.0,
814.0,
815.0,
816.0,
817.0,
818.0,
819.0,
820.0,
821.0,
822.0,
823.0,
824.0,
825.0,
826.0,
827.0,
828.0,
829.0,
830.0,
831.0,
832.0,
833.0,
834.0,
835.0,
836.0,
837.0,
838.0,
839.0,
840.0,
841.0,
842.0,
843.0,
844.0,
845.0,
846.0,
847.0,
848.0,
849.0,
850.0,
851.0,
852.0,
853.0,
854.0,
855.0,
856.0,
857.0,
858.0,
859.0,
860.0,
861.0,
862.0,
863.0,
864.0,
865.0,
866.0,
867.0,
868.0,
869.0,
870.0,
871.0,
872.0,
873.0,
874.0,
875.0,
876.0,
877.0,
878.0,
879.0,
880.0,
881.0,
882.0,
883.0,
884.0,
885.0,
886.0,
887.0,
888.0,
889.0,
890.0,
891.0,
892.0,
893.0,
894.0,
895.0,
896.0,
897.0,
898.0,
899.0,
900.0,
901.0,
902.0,
903.0,
904.0,
905.0,
906.0,
907.0,
908.0,
909.0,
910.0,
911.0,
912.0,
913.0,
914.0,
915.0,
916.0,
917.0,
918.0,
919.0,
920.0,
921.0,
922.0,
923.0,
924.0,
925.0,
926.0,
927.0,
928.0,
929.0,
930.0,
931.0,
932.0,
933.0,
934.0,
935.0,
936.0,
937.0,
938.0,
939.0,
940.0,
941.0,
942.0,
943.0,
944.0,
945.0,
946.0,
947.0,
948.0,
949.0,
950.0,
951.0,
952.0,
953.0,
954.0,
955.0,
956.0,
957.0,
958.0,
959.0,
960.0,
961.0,
962.0,
963.0,
964.0,
965.0,
966.0,
967.0,
968.0,
969.0,
970.0,
971.0,
972.0,
973.0,
974.0,
975.0,
976.0,
977.0,
978.0,
979.0,
980.0,
981.0,
982.0,
983.0,
984.0,
985.0,
986.0,
987.0,
988.0,
989.0,
990.0,
991.0,
992.0,
993.0,
994.0,
995.0,
996.0,
997.0,
998.0,
999.0,
1000.0,
1001.0,
1002.0,
1003.0,
1004.0,
1005.0,
1006.0,
1007.0,
1008.0,
1009.0,
1010.0,
1011.0,
1012.0,
1013.0,
1014.0,
1015.0,
1016.0,
1017.0,
1018.0,
1019.0,
1020.0,
1021.0,
1022.0,
1023.0,
1024.0,
1025.0,
1026.0,
1027.0,
1028.0,
1029.0,
1030.0,
1031.0,
1032.0,
1033.0,
1034.0,
1035.0,
1036.0,
1037.0,
1038.0,
1039.0,
1040.0,
1041.0,
1042.0,
1043.0,
1044.0,
1045.0,
1046.0,
1047.0,
1048.0,
1049.0,
1050.0,
1051.0,
1052.0,
1053.0,
1054.0,
1055.0,
1056.0,
1057.0,
1058.0,
1059.0,
1060.0,
1061.0,
1062.0,
1063.0,
1064.0,
1065.0,
1066.0,
1067.0,
1068.0,
1069.0,
1070.0,
1071.0,
1072.0,
1073.0,
1074.0,
1075.0,
1076.0,
1077.0,
1078.0,
1079.0,
1080.0,
1081.0,
1082.0,
1083.0,
1084.0,
1085.0,
1086.0,
1087.0,
1088.0,
1089.0,
1090.0,
1091.0,
1092.0,
1093.0,
1094.0,
1095.0,
1096.0,
1097.0,
1098.0,
1099.0,
1100.0,
1101.0,
1102.0,
1103.0,
1104.0,
1105.0,
1106.0,
1107.0,
1108.0,
1109.0,
1110.0,
1111.0,
1112.0,
1113.0,
1114.0,
1115.0,
1116.0,
1117.0,
1118.0,
1119.0,
1120.0,
1121.0,
1122.0,
1123.0,
1124.0,
1125.0,
1126.0,
1127.0,
1128.0,
1129.0,
1130.0,
1131.0,
1132.0,
1133.0,
1134.0,
1135.0,
1136.0,
1137.0,
1138.0,
1139.0,
1140.0,
1141.0,
1142.0,
1143.0,
1144.0,
1145.0,
1146.0,
1147.0,
1148.0,
1149.0,
1150.0,
1151.0,
1152.0,
1153.0,
1154.0,
1155.0,
1156.0,
1157.0,
1158.0,
1159.0,
1160.0,
1161.0,
1162.0,
1163.0,
1164.0,
1165.0,
1166.0,
1167.0,
1168.0,
1169.0,
1170.0,
1171.0,
1172.0,
1173.0,
1174.0,
1175.0,
1176.0,
1177.0,
1178.0,
1179.0,
1180.0,
1181.0,
1182.0,
1183.0,
1184.0,
1185.0,
1186.0,
1187.0,
1188.0,
1189.0,
1190.0,
1191.0,
1192.0,
1193.0,
1194.0,
1195.0,
1196.0,
1197.0,
1198.0,
1199.0,
1200.0,
1201.0,
1202.0,
1203.0,
1204.0,
1205.0,
1206.0,
1207.0,
1208.0,
1209.0,
1210.0,
1211.0,
1212.0,
1213.0,
1214.0,
1215.0,
1216.0,
1217.0,
1218.0,
1219.0,
1220.0,
1221.0,
1222.0,
1223.0,
1224.0,
1225.0,
1226.0,
1227.0,
1228.0,
1229.0,
1230.0,
1231.0,
1232.0,
1233.0,
1234.0,
1235.0,
1236.0,
1237.0,
1238.0,
1239.0,
1240.0,
1241.0,
1242.0,
1243.0,
1244.0,
1245.0,
1246.0,
1247.0,
1248.0,
1249.0,
1250.0,
1251.0,
1252.0,
1253.0,
1254.0,
1255.0,
1256.0,
1257.0,
1258.0,
1259.0,
1260.0,
1261.0,
1262.0,
1263.0,
1264.0,
1265.0,
1266.0,
1267.0,
1268.0,
1269.0,
1270.0,
1271.0,
1272.0,
1273.0,
1274.0,
1275.0,
1276.0,
1277.0,
1278.0,
1279.0,
1280.0,
1281.0,
1282.0,
1283.0,
1284.0,
1285.0,
1286.0,
1287.0,
1288.0,
1289.0,
1290.0,
1291.0,
1292.0,
1293.0,
1294.0,
1295.0,
1296.0,
1297.0,
1298.0,
1299.0,
1300.0,
1301.0,
1302.0,
1303.0,
1304.0,
1305.0,
1306.0,
1307.0,
1308.0,
1309.0,
1310.0,
1311.0,
1312.0,
1313.0,
1314.0,
1315.0,
1316.0,
1317.0,
1318.0,
1319.0,
1320.0,
1321.0,
1322.0,
1323.0,
1324.0,
1325.0,
1326.0,
1327.0,
1328.0,
1329.0,
1330.0,
1331.0,
1332.0,
1333.0,
1334.0,
1335.0,
1336.0,
1337.0,
1338.0,
1339.0,
1340.0,
1341.0,
1342.0,
1343.0,
1344.0,
1345.0,
1346.0,
1347.0,
1348.0,
1349.0,
1350.0,
1351.0,
1352.0,
1353.0,
1354.0,
1355.0,
1356.0,
1357.0,
1358.0,
1359.0,
1360.0,
1361.0,
1362.0,
1363.0,
1364.0,
1365.0,
1366.0,
1367.0,
1368.0,
1369.0,
1370.0,
1371.0,
1372.0,
1373.0,
1374.0,
1375.0,
1376.0,
1377.0,
1378.0,
1379.0,
1380.0,
1381.0,
1382.0,
1383.0,
1384.0,
1385.0,
1386.0,
1387.0,
1388.0,
1389.0,
1390.0,
1391.0,
1392.0,
1393.0,
1394.0,
1395.0,
1396.0,
1397.0,
1398.0,
1399.0,
1400.0,
1401.0,
1402.0,
1403.0,
1404.0,
1405.0,
1406.0,
1407.0,
1408.0,
1409.0,
1410.0,
1411.0,
1412.0,
1413.0,
1414.0,
1415.0,
1416.0,
1417.0,
1418.0,
1419.0,
1420.0,
1421.0,
1422.0,
1423.0,
1424.0,
1425.0,
1426.0,
1427.0,
1428.0,
1429.0,
1430.0,
1431.0,
1432.0,
1433.0,
1434.0,
1435.0,
1436.0,
1437.0,
1438.0,
1439.0,
1440.0,
1441.0,
1442.0,
1443.0,
1444.0,
1445.0,
1446.0,
1447.0,
1448.0,
1449.0,
1450.0,
1451.0,
1452.0,
1453.0,
1454.0,
1455.0,
1456.0,
1457.0,
1458.0,
1459.0,
1460.0,
1461.0,
1462.0,
1463.0,
1464.0,
1465.0,
1466.0,
1467.0,
1468.0,
1469.0,
1470.0,
1471.0,
1472.0,
1473.0,
1474.0,
1475.0,
1476.0,
1477.0,
1478.0,
1479.0,
1480.0,
1481.0,
1482.0,
1483.0,
1484.0,
1485.0,
1486.0,
1487.0,
1488.0,
1489.0,
1490.0,
1491.0,
1492.0,
1493.0,
1494.0,
1495.0,
1496.0,
1497.0,
1498.0,
1499.0,
