Time,residuals
0.0,-0.005762258833942574
1.0,-0.14242474428408033
2.0,-0.1437536576745475
3.0,0.25689584577439883
4.0,-0.09018630315048688
5.0,0.30001951372294206
6.0,-0.059700091758897594
7.0,-0.17350946418229546
8.0,-0.0921559570837422
9.0,0.3899285271600956
10.0,0.0408069492647222
11.0,-0.06389442843721072
12.0,0.3529053912868231
13.0,-0.16506664145895525
14.0,-0.118873134615459
15.0,0.07383713205083015
16.0,0.22115579531596216
17.0,-0.10461048676242947
18.0,0.3812885604112912
19.0,-0.05953695995160449
20.0,-0.151915212758063
21.0,0.14280104207100155
22.0,-0.06319655835266194
23.0,-0.03150341196510281
24.0,0.023019336531904966
25.0,-0.1504024456162988
26.0,-0.0033439038482932504
27.0,-0.16122617587817814
28.0,-0.10946117090455307
29.0,0.14746984763204776
30.0,-0.1538209626335835
31.0,0.41358693756540965
32.0,-0.01777235801205454
33.0,0.022861597212154278
34.0,-0.02459634333943428
35.0,-0.1186897875873906
36.0,-0.044162082218115226
37.0,-0.07237170314734678
38.0,-0.05036079941888562
39.0,-0.0004488007606293365
40.0,-0.0626362648738904
41.0,-0.1428221533463473
42.0,0.2640354264003134
43.0,0.24115687620268167
44.0,-0.07685864289673597
45.0,0.10866175246536103
46.0,-0.15352727226912616
47.0,0.0008766773823541685
48.0,-0.11907398933731778
49.0,-0.026346332823078522
50.0,-0.14085977061066296
51.0,-0.0641483136172861
52.0,-0.02231949537476091
53.0,0.4685764620754467
54.0,0.09836010515849342
55.0,-0.033890534966657976
56.0,-0.10453706758742037
57.0,0.04496484779941373
58.0,-0.033452361960103455
59.0,0.03447817570265463
60.0,-0.0740931236227062
61.0,0.7824581910572276
62.0,0.1338496050728571
63.0,-0.14421757542784922
64.0,0.07642555228804235
65.0,0.35144636936780527
66.0,0.14430877466378744
67.0,-0.14732621723903033
68.0,-0.05338136162919273
69.0,-0.16069015288279942
70.0,-0.06985547437505439
71.0,0.4111812241084044
72.0,-0.12541242407384418
73.0,0.0770388850551133
74.0,-0.12685081429924913
75.0,-0.15051187316638376
76.0,-0.04384221114058019
77.0,-0.15349256878869227
78.0,-0.1434539552494078
79.0,0.20202921152054684
80.0,-0.1139980803327936
81.0,0.24645092839379804
82.0,-0.13669666138057573
83.0,-0.004912354794962853
84.0,0.6668163861467624
85.0,0.2699343987360747
86.0,0.05012830813006397
87.0,-0.13647021156840905
88.0,-0.014537770183577381
89.0,-0.12361575386516199
90.0,-0.11287255238544497
91.0,-0.14709628327355423
92.0,0.4427707494772356
93.0,-0.03599402726600731
94.0,-0.08978154784925653
95.0,0.12205671153476816
96.0,-0.12851094459505696
97.0,-0.11307292649030432
98.0,0.1064703808973965
99.0,-0.03998909452284383
100.0,0.05372477613368809
101.0,-0.14808890674455683
102.0,0.42857760904257475
103.0,-0.13370679717420136
104.0,0.5408057707652685
105.0,0.24914199695559358
106.0,-0.08542675619515097
107.0,-0.06006841142641714
108.0,-0.11505437071965186
109.0,0.6893940742251081
110.0,0.017118348759616125
111.0,-0.04251531536527314
112.0,0.27204266655495224
113.0,-0.04959792072198216
114.0,-0.11909841148103611
115.0,0.005187612135235442
116.0,-0.12402041584192056
117.0,-0.09700379793095934
118.0,-0.03884111839095819
119.0,0.10989570071824342
120.0,0.26561308103956266
121.0,-0.0032847833568654117
122.0,-0.15926847265556146
123.0,-0.049317290036787226
124.0,-0.18450906610788445
125.0,-0.18643208519256774
126.0,0.02194045911376502
127.0,0.20443508178524525
128.0,-0.11687026056949444
129.0,-0.14094041139425062
130.0,-0.10542907745025477
131.0,-0.17733427783136446
132.0,-0.12333332789991218
133.0,-0.10240169020715714
134.0,-0.1743972463706272
135.0,-0.05274445600181393
136.0,-0.03335118873556869
137.0,0.23190686904296348
138.0,0.44884790736083924
139.0,-0.10368519041837289
140.0,0.18229111561686137
141.0,0.18112819211305167
142.0,-0.06075505021196562
143.0,-0.12612865632850434
144.0,0.07029752735574496
145.0,0.33156353238832065
146.0,-0.13953082846236428
147.0,0.19776122555454242
148.0,0.026938695759314457
149.0,-0.17449399937015242
150.0,-0.11934861614180152
151.0,0.08278921364190722
152.0,0.25907762108630256
153.0,0.1813312163429344
154.0,-0.1431191347523496
155.0,0.2082283956788023
156.0,0.09730974460742273
157.0,-0.1603579983135972
158.0,0.36257497567659547
159.0,0.2611948014682466
160.0,-0.08927658516107187
161.0,-0.12025373136322408
162.0,-0.1947487365651237
163.0,5.191816016167361e-05
164.0,0.20327818942498557
165.0,-0.13800333805362197
166.0,0.12500976143007425
167.0,0.08389172838009232
168.0,-0.1440383334999451
169.0,-0.032899421279244806
170.0,-0.22458626285304426
171.0,-0.17361804457779123
172.0,0.4172277343805818
173.0,0.2861234986603325
174.0,-0.06786059213893264
175.0,-0.13141029656629788
176.0,0.045845226144659995
177.0,-0.12396458790940568
178.0,-0.157963693077954
179.0,0.23545138512336097
180.0,-0.05967134125015677
181.0,-0.041401187651877086
182.0,-0.06240575490573835
183.0,0.14799481328542483
184.0,-0.18401221621533675
185.0,0.422385720596831
186.0,0.5381330015379959
187.0,0.25300227588607044
188.0,-0.07380155742104533
189.0,-0.07712882683393257
190.0,-0.15780146554510466
191.0,-0.16094590928030275
192.0,0.275656086431208
193.0,0.23609514500031065
194.0,-0.18718051869931018
195.0,0.054071722236083114
196.0,-0.17151209931195924
197.0,0.1735821270220059
198.0,0.004362242295208513
199.0,-0.17662225218170913
200.0,-0.09139800772909827
201.0,-0.18068046505279414
202.0,0.040588418677801996
203.0,-0.03297793847564928
204.0,-0.15629341660655793
205.0,0.0787798349756452
206.0,-0.0670251888901834
207.0,-0.02565227382574045
208.0,0.03561635600968949
209.0,0.5926443002928327
210.0,-0.07803248409726372
211.0,-0.13695571508753693
212.0,0.3292497480216213
213.0,0.011448114787123098
214.0,-0.04377639817237483
215.0,-0.1573896763175876
216.0,-0.000818062520082985
217.0,-0.04000013150236725
218.0,-0.09591520861742327
219.0,0.2011500385009018
220.0,-0.060879373635787284
221.0,0.6342347986457588
222.0,-0.08326077014752226
223.0,-0.12512378263945678
224.0,-0.1473299455307234
225.0,-0.025796532971735314
226.0,0.16527516085116467
227.0,-0.11157054316315407
228.0,0.12534896928535094
229.0,0.057617391424793496
230.0,-0.11443214520402185
231.0,-0.17754577751475192
232.0,0.47631359195049394
233.0,0.021477158649903128
234.0,-0.17637376758927306
235.0,-0.034115255186201426
236.0,-0.12240598257793703
237.0,-0.17864971862756168
238.0,-0.08943455217865448
239.0,0.32062182278155227
240.0,0.04850239549816984
241.0,-0.15248913117049206
242.0,-0.14915315346726138
243.0,0.45600507731593365
244.0,0.22658114019897915
245.0,-0.20473896697457555
246.0,-0.18923268889619532
247.0,-0.08060484581068275
248.0,0.13390189383010695
249.0,-0.062097440387583414
250.0,-0.11880440359836365
251.0,0.511217259885956
252.0,-0.12871480840836577
253.0,0.11073688458058933
254.0,0.06095093102749957
255.0,-0.06788880692613905
256.0,-0.14868880660776027
257.0,-0.1635558378418434
258.0,0.004997943890870993
259.0,0.006273872964388999
260.0,-0.05664819774226687
261.0,-0.032517606247786934
262.0,0.327410743159702
263.0,-0.10442780717696534
264.0,0.14053941148577861
265.0,0.11988661002331294
266.0,-0.025313640270802656
267.0,-0.18863810888476634
268.0,0.12402916635387543
269.0,-0.18530682481718003
270.0,0.5721518021800494
271.0,0.05349930287411944
272.0,-0.2432091041422455
273.0,-0.21553602231636235
274.0,0.7032223875852286
275.0,0.4741378758266546
276.0,0.18606507947531847
277.0,-0.1881812680774067
278.0,-0.19039966441244904
279.0,0.5585500636201148
280.0,0.3317113088386054
281.0,-0.05742442120608324
282.0,0.0837080868060347
283.0,0.09990481967074016
284.0,0.09302234391132985
285.0,-0.11364360935465267
286.0,-0.14546192442737177
287.0,-0.09513612242473268
288.0,0.14934153126213662
289.0,-0.14508643999982204
290.0,-0.24191909263162473
291.0,0.09725847071151306
292.0,0.46902098818571986
293.0,0.06984449307243229
294.0,0.09708867881528993
295.0,-0.1396551479254067
296.0,0.3181602501924688
297.0,0.716070185245913
298.0,0.6220717474156993
299.0,0.10506748195672588
300.0,-0.09532360763968381
301.0,-0.21228934776488337
302.0,0.44939511824289563
303.0,-0.15204588004504554
304.0,-0.20889216411288122
305.0,-0.11316309959156273
306.0,-0.19728155306664696
307.0,-0.16393198162826722
308.0,-0.192061077022113
309.0,0.3555611214395152
310.0,-0.10844464257702241
311.0,0.3845497505252232
312.0,0.22234845167793588
313.0,-0.1185972075313689
314.0,0.0033108471294792663
315.0,-0.04572697076896742
316.0,0.04174877632527388
317.0,0.6291536130893948
318.0,0.010817878366575273
319.0,-0.15851276721485105
320.0,-0.15770549176916202
321.0,-0.21579573826314227
322.0,0.4509383109037475
323.0,0.2881520960936222
324.0,-0.21807461769230457
325.0,-0.07237902963514511
326.0,0.24109544251342424
327.0,-0.060242740601229805
328.0,-0.16418646578742704
329.0,0.24362143283509458
330.0,-0.20820588771369264
331.0,-0.10168544242069161
332.0,-0.2213645412315791
333.0,-0.0953472207539805
334.0,0.3363763714203313
335.0,0.1859724832190683
336.0,0.07667983776600362
337.0,-0.21373171067764102
338.0,-0.18112127748421264
339.0,-0.22763066303898238
340.0,-0.12858555357812357
341.0,-0.21221625594945015
342.0,-0.19174502527746307
343.0,0.12227395645237171
344.0,-0.23570740019151215
345.0,-0.20166560038231623
346.0,0.04004475672255248
347.0,0.3033969866849384
348.0,-0.05943927675423999
349.0,-0.1479227825728272
350.0,0.49057874850341626
351.0,-0.056978423780614074
352.0,-0.12137298250842479
353.0,-0.20292565884598115
354.0,-0.13440540029182735
355.0,-0.23286764785577366
356.0,0.454949386342796
357.0,0.9630486769329205
358.0,0.624994159568599
359.0,0.92165409278073
360.0,0.42626325842817847
361.0,0.228680632489134
362.0,0.301999565217579
363.0,0.02541470530400536
364.0,0.2752475394742181
365.0,-0.09436532583322854
366.0,0.10136099511197477
367.0,0.0284901161281631
368.0,-0.23588384728709036
369.0,0.3132750182573709
370.0,0.08553484063351902
371.0,-0.27513099443503247
372.0,0.2287149143897551
373.0,0.1630086102683752
374.0,0.07574649011241047
375.0,-0.26048664202856686
376.0,-0.09326016633170128
377.0,-0.0024634304681731556
378.0,-0.13161319215112963
379.0,0.3316077107144724
380.0,-0.19060750678919242
381.0,-0.25663525776866686
382.0,0.427740031540188
383.0,-0.22560452578205706
384.0,0.6632933312410713
385.0,0.02660604713538156
386.0,0.2168234139040483
387.0,-0.09382094876436653
388.0,-0.2620126585955964
389.0,-0.015552038973325022
390.0,-0.011944238969049004
391.0,-0.24070440069632515
392.0,-0.23625416552937697
393.0,-0.12644307614156924
394.0,-0.12748325254468612
395.0,0.15969516831968783
396.0,0.0528469282238852
397.0,-0.15494959888902682
398.0,-0.19722682352251916
399.0,0.13577815407168614
400.0,0.44476632189470816
401.0,0.6873384312260069
402.0,-0.12062421011296964
403.0,-0.2408906744994211
404.0,0.45242008814291346
405.0,0.3820526620541493
406.0,0.12097422763116394
407.0,-0.21598720466321358
408.0,0.7037743934484904
409.0,0.5452536530492904
410.0,0.25134493886748965
411.0,-0.28241539657316417
412.0,0.07853617969747517
413.0,0.1706590955950833
414.0,0.13544733506103568
415.0,-0.27382140668286625
416.0,-0.033857335667580646
417.0,-0.2660878698355836
418.0,0.7334620651137178
419.0,0.4121430641301185
420.0,-0.014014933651570416
421.0,-0.03880813797610938
422.0,-0.2801031830496913
423.0,0.20932784783842195
424.0,0.3390658877383249
425.0,0.16805069114159382
426.0,-0.211548224341219
427.0,-0.007907760830148658
428.0,-0.2319227090895748
429.0,-0.2521041896961471
430.0,0.06909331242594463
431.0,-0.20019875844955837
432.0,-0.3011331050431852
433.0,-0.2741647012089442
434.0,-0.2795858339483928
435.0,0.22528589706356594
436.0,0.4818628749217283
437.0,0.7877864341109333
438.0,-0.03705740427247245
439.0,-0.19459159160746659
440.0,0.0724680138096192
441.0,-0.215618417903823
442.0,-0.2968786384944217
443.0,0.4344221002811554
444.0,0.029125709602899563
445.0,0.26594088103959984
446.0,0.005125636949184165
447.0,-0.06439387281420217
448.0,0.004095156683384449
449.0,0.030698820886724987
450.0,0.14258409361507363
451.0,-0.1261418099174837
452.0,-0.13816897771350162
453.0,0.22530215277972526
454.0,0.2359517715085267
455.0,-0.21055375233608342
456.0,0.4672371024787207
457.0,-0.13133019754416808
458.0,0.2818519761684189
459.0,-0.27752751256954966
460.0,-0.206712319871302
461.0,0.35848112313000113
462.0,0.7443916587565123
463.0,-0.16211461208100672
464.0,-0.21720154335175526
465.0,0.1595839532056605
466.0,0.2880311862011993
467.0,-0.15101973936925164
468.0,-0.04440152495483468
469.0,0.238852609892858
470.0,0.08266233481483815
471.0,-0.2945054550444789
472.0,0.22771264742911285
473.0,-0.10211385350218452
474.0,-0.23538759167620865
475.0,-0.25255606327150976
476.0,0.027055513377574447
477.0,-0.00452215488861385
478.0,-0.3096929958907236
479.0,-0.005100675755154549
480.0,-0.2964310959451054
481.0,0.2940691650132164
482.0,-0.3397860600444441
483.0,-0.18931544831921018
484.0,-0.245175132219183
485.0,0.1533563538791417
486.0,-0.09531274365816617
487.0,-0.2833247599596457
488.0,-0.19781805531819535
489.0,-0.2068489875401266
490.0,0.03596199959065943
491.0,-0.24741214109118717
492.0,-0.059838559425202165
493.0,-0.23249665331075367
494.0,0.06710645222684836
495.0,0.163083768264847
496.0,0.18514881805547773
497.0,-0.1221738124340489
498.0,-0.07490562659195976
499.0,0.33244904755124915
500.0,-0.1748110070822989
501.0,-0.20712904723476178
502.0,-0.33300079152009293
503.0,-0.08560668378826186
504.0,-0.19567135956987464
505.0,0.14776475823454638
506.0,0.02615421577093524
507.0,0.17289389665196664
508.0,0.192709415564998
509.0,1.0919287426498296
510.0,1.6965238757808363
511.0,2.717332373144321
512.0,2.076285869469024
513.0,1.8750635763696375
514.0,1.6099367843793602
515.0,0.36895641272114477
516.0,0.49385940328163813
517.0,0.5568396990461179
518.0,0.8961163308335547
519.0,0.32776784845271956
520.0,0.12893615051438156
521.0,-0.17034963207118475
522.0,-0.1589360333750891
523.0,0.0044688701976590695
524.0,
525.0,
526.0,
527.0,
528.0,
529.0,
530.0,
531.0,
532.0,
533.0,
534.0,
535.0,
536.0,
537.0,
538.0,
539.0,
540.0,
541.0,
542.0,
543.0,
544.0,
545.0,
546.0,
547.0,
548.0,
549.0,
550.0,
551.0,
552.0,
553.0,
554.0,
555.0,
556.0,
557.0,
558.0,
559.0,
560.0,
561.0,
562.0,
563.0,
564.0,
565.0,
566.0,
567.0,
568.0,
569.0,
570.0,
571.0,
572.0,
573.0,
574.0,
575.0,
576.0,
577.0,
578.0,
579.0,
580.0,
581.0,
582.0,
583.0,
584.0,
585.0,
586.0,
587.0,
588.0,
589.0,
590.0,
591.0,
592.0,
593.0,
594.0,
595.0,
596.0,
597.0,
598.0,
599.0,
600.0,
601.0,
602.0,
603.0,
604.0,
605.0,
606.0,
607.0,
608.0,
609.0,
610.0,
611.0,
612.0,
613.0,
614.0,
615.0,
616.0,
617.0,
618.0,
619.0,
620.0,
621.0,
622.0,
623.0,
624.0,
625.0,
626.0,
627.0,
628.0,
629.0,
630.0,
631.0,
632.0,
633.0,
634.0,
635.0,
636.0,
637.0,
638.0,
639.0,
640.0,
641.0,
642.0,
643.0,
644.0,
645.0,
646.0,
647.0,
648.0,
649.0,
650.0,
651.0,
652.0,
653.0,
654.0,
655.0,
656.0,
657.0,
658.0,
659.0,
660.0,
661.0,
662.0,
663.0,
664.0,
665.0,
666.0,
667.0,
668.0,
669.0,
670.0,
671.0,
672.0,
673.0,
674.0,
675.0,
676.0,
677.0,
678.0,
679.0,
680.0,
681.0,
682.0,
683.0,
684.0,
685.0,
686.0,
687.0,
688.0,
689.0,
690.0,
691.0,
692.0,
693.0,
694.0,
695.0,
696.0,
697.0,
698.0,
699.0,
700.0,
701.0,
702.0,
703.0,
704.0,
705.0,
706.0,
707.0,
708.0,
709.0,
710.0,
711.0,
712.0,
713.0,
714.0,
715.0,
716.0,
717.0,
718.0,
719.0,
720.0,
721.0,
722.0,
723.0,
724.0,
725.0,
726.0,
727.0,
728.0,
729.0,
730.0,
731.0,
732.0,
733.0,
734.0,
735.0,
736.0,
737.0,
738.0,
739.0,
740.0,
741.0,
742.0,
743.0,
744.0,
745.0,
746.0,
747.0,
748.0,
749.0,
750.0,
751.0,
752.0,
753.0,
754.0,
755.0,
756.0,
757.0,
758.0,
759.0,
760.0,
761.0,
762.0,
763.0,
764.0,
765.0,
766.0,
767.0,
768.0,
769.0,
770.0,
771.0,
772.0,
773.0,
774.0,
775.0,
776.0,
777.0,
778.0,
779.0,
780.0,
781.0,
782.0,
783.0,
784.0,
785.0,
786.0,
787.0,
788.0,
789.0,
790.0,
791.0,
792.0,
793.0,
794.0,
795.0,
796.0,
797.0,
798.0,
799.0,
800.0,
801.0,
802.0,
803.0,
804.0,
805.0,
806.0,
807.0,
808.0,
809.0,
810.0,
811.0,
812.0,
813.0,
814.0,
815.0,
816.0,
817.0,
818.0,
819.0,
820.0,
821.0,
822.0,
823.0,
824.0,
825.0,
826.0,
827.0,
828.0,
829.0,
830.0,
831.0,
832.0,
833.0,
834.0,
835.0,
836.0,
837.0,
838.0,
839.0,
840.0,
841.0,
842.0,
843.0,
844.0,
845.0,
846.0,
847.0,
848.0,
849.0,
850.0,
851.0,
852.0,
853.0,
854.0,
855.0,
856.0,
857.0,
858.0,
859.0,
860.0,
861.0,
862.0,
863.0,
864.0,
865.0,
866.0,
867.0,
868.0,
869.0,
870.0,
871.0,
872.0,
873.0,
874.0,
875.0,
876.0,
877.0,
878.0,
879.0,
880.0,
881.0,
882.0,
883.0,
884.0,
885.0,
886.0,
887.0,
888.0,
889.0,
890.0,
891.0,
892.0,
893.0,
894.0,
895.0,
896.0,
897.0,
898.0,
899.0,
900.0,
901.0,
902.0,
903.0,
904.0,
905.0,
906.0,
907.0,
908.0,
909.0,
910.0,
911.0,
912.0,
913.0,
914.0,
915.0,
916.0,
917.0,
918.0,
919.0,
920.0,
921.0,
922.0,
923.0,
924.0,
925.0,
926.0,
927.0,
928.0,
929.0,
930.0,
931.0,
932.0,
933.0,
934.0,
935.0,
936.0,
937.0,
938.0,
939.0,
940.0,
941.0,
942.0,
943.0,
944.0,
945.0,
946.0,
947.0,
948.0,
949.0,
950.0,
951.0,
952.0,
953.0,
954.0,
955.0,
956.0,
957.0,
958.0,
959.0,
960.0,
961.0,
962.0,
963.0,
964.0,
965.0,
966.0,
967.0,
968.0,
969.0,
970.0,
971.0,
972.0,
973.0,
974.0,
975.0,
976.0,
977.0,
978.0,
979.0,
980.0,
981.0,
982.0,
983.0,
984.0,
985.0,
986.0,
987.0,
988.0,
989.0,
990.0,
991.0,
992.0,
993.0,
994.0,
995.0,
996.0,
997.0,
998.0,
999.0,
1000.0,
1001.0,
1002.0,
1003.0,
1004.0,
1005.0,
1006.0,
1007.0,
1008.0,
1009.0,
1010.0,
1011.0,
1012.0,
1013.0,
1014.0,
1015.0,
1016.0,
1017.0,
1018.0,
1019.0,
1020.0,
1021.0,
1022.0,
1023.0,
1024.0,
1025.0,
1026.0,
1027.0,
1028.0,
1029.0,
1030.0,
1031.0,
1032.0,
1033.0,
1034.0,
1035.0,
1036.0,
1037.0,
1038.0,
1039.0,
1040.0,
1041.0,
1042.0,
1043.0,
1044.0,
1045.0,
1046.0,
1047.0,
1048.0,
1049.0,
1050.0,
1051.0,
1052.0,
1053.0,
1054.0,
1055.0,
1056.0,
1057.0,
1058.0,
1059.0,
1060.0,
1061.0,
1062.0,
1063.0,
1064.0,
1065.0,
1066.0,
1067.0,
1068.0,
1069.0,
1070.0,
1071.0,
1072.0,
1073.0,
1074.0,
1075.0,
1076.0,
1077.0,
1078.0,
1079.0,
1080.0,
1081.0,
1082.0,
1083.0,
1084.0,
1085.0,
1086.0,
1087.0,
1088.0,
1089.0,
1090.0,
1091.0,
1092.0,
1093.0,
1094.0,
1095.0,
1096.0,
1097.0,
1098.0,
1099.0,
1100.0,
1101.0,
1102.0,
1103.0,
1104.0,
1105.0,
1106.0,
1107.0,
1108.0,
1109.0,
1110.0,
1111.0,
1112.0,
1113.0,
1114.0,
1115.0,
1116.0,
1117.0,
1118.0,
1119.0,
1120.0,
1121.0,
1122.0,
1123.0,
1124.0,
1125.0,
1126.0,
1127.0,
1128.0,
1129.0,
1130.0,
1131.0,
1132.0,
1133.0,
1134.0,
1135.0,
1136.0,
1137.0,
1138.0,
1139.0,
1140.0,
1141.0,
1142.0,
1143.0,
1144.0,
1145.0,
1146.0,
1147.0,
1148.0,
1149.0,
1150.0,
1151.0,
1152.0,
1153.0,
1154.0,
1155.0,
1156.0,
1157.0,
1158.0,
1159.0,
1160.0,
1161.0,
1162.0,
1163.0,
1164.0,
1165.0,
1166.0,
1167.0,
1168.0,
1169.0,
1170.0,
1171.0,
1172.0,
1173.0,
1174.0,
1175.0,
1176.0,
1177.0,
1178.0,
1179.0,
1180.0,
1181.0,
1182.0,
1183.0,
1184.0,
1185.0,
1186.0,
1187.0,
1188.0,
1189.0,
1190.0,
1191.0,
1192.0,
1193.0,
1194.0,
1195.0,
1196.0,
1197.0,
1198.0,
1199.0,
1200.0,
1201.0,
1202.0,
1203.0,
1204.0,
1205.0,
1206.0,
1207.0,
1208.0,
1209.0,
1210.0,
1211.0,
1212.0,
1213.0,
1214.0,
1215.0,
1216.0,
1217.0,
1218.0,
1219.0,
1220.0,
1221.0,
1222.0,
1223.0,
1224.0,
1225.0,
1226.0,
1227.0,
1228.0,
1229.0,
1230.0,
1231.0,
1232.0,
1233.0,
1234.0,
1235.0,
1236.0,
1237.0,
1238.0,
1239.0,
1240.0,
1241.0,
1242.0,
1243.0,
1244.0,
1245.0,
1246.0,
1247.0,
1248.0,
1249.0,
1250.0,
1251.0,
1252.0,
1253.0,
1254.0,
1255.0,
1256.0,
1257.0,
1258.0,
1259.0,
1260.0,
1261.0,
1262.0,
1263.0,
1264.0,
1265.0,
1266.0,
1267.0,
1268.0,
1269.0,
1270.0,
1271.0,
1272.0,
1273.0,
1274.0,
1275.0,
1276.0,
1277.0,
1278.0,
1279.0,
1280.0,
1281.0,
1282.0,
1283.0,
1284.0,
1285.0,
1286.0,
1287.0,
1288.0,
1289.0,
1290.0,
1291.0,
1292.0,
1293.0,
1294.0,
1295.0,
1296.0,
1297.0,
1298.0,
1299.0,
1300.0,
1301.0,
1302.0,
1303.0,
1304.0,
1305.0,
1306.0,
1307.0,
1308.0,
1309.0,
1310.0,
1311.0,
1312.0,
1313.0,
1314.0,
1315.0,
1316.0,
1317.0,
1318.0,
1319.0,
1320.0,
1321.0,
1322.0,
1323.0,
1324.0,
1325.0,
1326.0,
1327.0,
1328.0,
1329.0,
1330.0,
1331.0,
1332.0,
1333.0,
1334.0,
1335.0,
1336.0,
1337.0,
1338.0,
1339.0,
1340.0,
1341.0,
1342.0,
1343.0,
1344.0,
1345.0,
1346.0,
1347.0,
1348.0,
1349.0,
1350.0,
1351.0,
1352.0,
1353.0,
1354.0,
1355.0,
1356.0,
1357.0,
1358.0,
1359.0,
1360.0,
1361.0,
1362.0,
1363.0,
1364.0,
1365.0,
1366.0,
1367.0,
1368.0,
1369.0,
1370.0,
1371.0,
1372.0,
1373.0,
1374.0,
1375.0,
1376.0,
1377.0,
1378.0,
1379.0,
1380.0,
1381.0,
1382.0,
1383.0,
1384.0,
1385.0,
1386.0,
1387.0,
1388.0,
1389.0,
1390.0,
1391.0,
1392.0,
1393.0,
1394.0,
1395.0,
1396.0,
1397.0,
1398.0,
1399.0,
1400.0,
1401.0,
1402.0,
1403.0,
1404.0,
1405.0,
1406.0,
1407.0,
1408.0,
1409.0,
1410.0,
1411.0,
1412.0,
1413.0,
1414.0,
1415.0,
1416.0,
1417.0,
1418.0,
1419.0,
1420.0,
1421.0,
1422.0,
1423.0,
1424.0,
1425.0,
1426.0,
1427.0,
1428.0,
1429.0,
1430.0,
1431.0,
1432.0,
1433.0,
1434.0,
1435.0,
1436.0,
1437.0,
1438.0,
1439.0,
1440.0,
1441.0,
1442.0,
1443.0,
1444.0,
1445.0,
1446.0,
1447.0,
1448.0,
1449.0,
1450.0,
1451.0,
1452.0,
1453.0,
1454.0,
1455.0,
1456.0,
1457.0,
1458.0,
1459.0,
1460.0,
1461.0,
1462.0,
1463.0,
1464.0,
1465.0,
1466.0,
1467.0,
1468.0,
1469.0,
1470.0,
1471.0,
1472.0,
1473.0,
1474.0,
1475.0,
1476.0,
1477.0,
1478.0,
1479.0,
1480.0,
1481.0,
1482.0,
1483.0,
1484.0,
1485.0,
1486.0,
1487.0,
1488.0,
1489.0,
1490.0,
1491.0,
1492.0,
1493.0,
1494.0,
1495.0,
1496.0,
1497.0,
1498.0,
1499.0,
